F_UNIQ := 16 19 22 25 28;
F_NODES[16] := 16 17 18;
F_NODES[19] := 19 20 21;
F_NODES[22] := 22 23 24;
F_NODES[25] := 25 26 27;
F_NODES[28] := 28 29 30;
#definition

# set
set V := 1 2 3 4 5 6 7 8 9 10 11 12 13 14 15 ; 	# customer set
set F := 16 19 22 25 28 
17 18  
20 21  
23 24 
26 27 
29 30  ;#recharging & battery swapping station
set D0 :=0;
set Dsig :=31;


# param
param CV := 200;    		# ECV fixed cost(Topic Given)
param C := 200;   		# ECV max load
param Q := 77.75; 		# ECV/BSV battery level
param h := 1;     		# ECV consumption

param CB := 267;    		# BSV fixed cost(Topic Given)
param Qplun := 5;       # BSV max load(battery)
param hplun := 1;     	# BSV consumption
param W :=155.50;		# BSV battery level

param Ct := 10 ;		# travel cost
param Cr := 100 ;		# recharging cost
param lamda := 0.00;	# battery swap time
param Cb ;  	    # battery swap cost(BSS/BSV)
param n :=15;	   		# number of customers
param g :=10.41 ;     	# the recharging rate of ECV 



# customer demend
param m :=
0 0
1 10
2 10
3 20
4 10
5 10
6 30
7 10
8 10
9 10
10 30
11 20
12 40
13 30
14 10
15 10
16 0
19 0
22 0
25 0
28 0
17 0
18 0
20 0
21 0
23 0
24 0
26 0
27 0
29 0
30 0
31 0;

param e :=
0 0
1 0
2 449
3 0
4 0
5 283
6 30
7 357
8 359
9 0
10 0
11 0
12 87
13 0
14 0
15 264
16 0
19 0
22 0
25 0
28 0
17 0
18 0
20 0
21 0
23 0
24 0
26 0
27 0
29 0
30 0
31 0;

param l :=
0 1236
1 1123
2 504
3 1115
4 1110
5 344
6 92
7 410
8 412
9 1123
10 1108
11 1110
12 158
13 1116
14 1106
15 321
16 1236
19 1236
22 1236
25 1236
28 1236
17 1236
18 1236
20 1236
21 1236
23 1236
24 1236
26 1236
27 1236
29 1236
30 1236
31 1236;

param s :=
0 0
1 90
2 90
3 90
4 90
5 90
6 90
7 90
8 90
9 90
10 90
11 90
12 90
13 90
14 90
15 90
16 0
19 0
22 0
25 0
28 0
17 0
18 0
20 0
21 0
23 0
24 0
26 0
27 0
29 0
30 0
31 0;

param d : 0 1 2 3 4 5 6 7 8 9 10 11 12 13 14 15 16 19 22 25 28 17 18 20 21 23 24 26 27 29 30 31 :=
0 0.0000 22.3607 20.6155 30.8058 35.0571 38.0789 30.8058 16.7631 21.5407 22.8035 37.2022 35.3553 33.5261 29.7321 39.0512 20.6155 0.0000 36.2353 38.0789 24.0832 24.0208 0.0000 0.0000 36.2353 36.2353 38.0789 38.0789 24.0832 24.0832 24.0208 24.0208 0.0000
1 22.3607 0.0000 39.0512 45.7056 19.2094 45.2769 53.0000 39.0000 18.0000 24.0832 51.4198 57.0088 43.1741 34.9857 61.0328 15.0000 22.3607 52.4690 60.4152 28.2843 11.7047 22.3607 22.3607 52.4690 52.4690 60.4152 60.4152 28.2843 28.2843 11.7047 11.7047 22.3607
2 20.6155 39.0512 0.0000 42.9418 43.8634 25.0000 20.0998 18.6011 27.7308 23.7697 48.8774 20.6155 19.2094 48.2597 25.4951 29.1548 20.6155 45.8039 28.0179 21.0950 34.6699 20.6155 20.6155 45.8039 45.8039 28.0179 28.0179 21.0950 21.0950 34.6699 34.6699 20.6155
3 30.8058 45.7056 42.9418 0.0000 63.2456 66.4003 36.0000 24.6982 51.9711 53.6004 6.4031 43.0000 61.0328 18.0278 43.2897 50.5371 30.8058 7.0711 37.8550 54.5619 52.5547 30.8058 30.8058 7.0711 7.0711 37.8550 37.8550 54.5619 54.5619 52.5547 52.5547 30.8058
4 35.0571 19.2094 43.8634 63.2456 0.0000 38.5876 62.0967 51.0882 16.1555 20.8087 69.2892 64.2573 39.0512 54.0833 68.9493 15.2971 35.0571 69.6419 70.0928 24.8395 11.0454 35.0571 35.0571 69.6419 69.6419 70.0928 70.0928 24.8395 24.8395 11.0454 11.0454 35.0571
5 38.0789 45.2769 25.0000 66.4003 38.5876 0.0000 43.4626 43.1393 27.4591 21.2132 72.6223 41.2311 5.8310 67.7791 46.0977 30.4138 38.0789 70.0928 50.5964 17.0294 35.1710 38.0789 38.0789 70.0928 70.0928 50.5964 50.5964 17.0294 17.0294 35.1710 35.1710 38.0789
6 30.8058 53.0000 20.0998 36.0000 62.0967 43.4626 0.0000 15.8114 46.0977 43.1856 40.3113 7.0000 37.6962 48.3839 8.6023 46.8402 30.8058 35.6931 8.0623 41.0000 51.8652 30.8058 30.8058 35.6931 35.6931 8.0623 8.0623 41.0000 41.0000 51.8652 51.8652 30.8058
7 16.7631 39.0000 18.6011 24.6982 51.0882 43.1393 15.8114 0.0000 36.1248 35.1710 30.4138 21.9317 37.4833 33.5410 24.4131 36.0000 16.7631 27.2029 22.0227 34.5398 40.1995 16.7631 16.7631 27.2029 27.2029 22.0227 22.0227 34.5398 34.5398 40.1995 40.1995 16.7631
8 21.5407 18.0000 27.7308 51.9711 16.1555 27.4591 46.0977 36.1248 0.0000 6.3246 58.3095 48.1041 26.0000 46.8615 52.8110 3.0000 21.5407 57.6975 54.1295 10.7703 8.0623 21.5407 21.5407 57.6975 57.6975 54.1295 54.1295 10.7703 10.7703 8.0623 8.0623 21.5407
9 22.8035 24.0832 23.7697 53.6004 20.8087 21.2132 43.1856 35.1710 6.3246 0.0000 60.0000 44.3847 19.6977 50.4777 49.2443 9.2195 22.8035 58.8303 51.2445 4.4721 14.3178 22.8035 22.8035 58.8303 58.8303 51.2445 51.2445 4.4721 4.4721 14.3178 14.3178 22.8035
10 37.2022 51.4198 48.8774 6.4031 69.2892 72.6223 40.3113 30.4138 58.3095 60.0000 0.0000 47.2652 67.2012 20.8806 47.0000 56.8243 37.2022 5.3852 41.1096 60.9590 58.6941 37.2022 37.2022 5.3852 5.3852 41.1096 41.1096 60.9590 60.9590 58.6941 58.6941 37.2022
11 35.3553 57.0088 20.6155 43.0000 64.2573 41.2311 7.0000 21.9317 48.1041 44.3847 47.2652 0.0000 35.6931 55.0818 5.0000 49.2443 35.3553 42.5793 10.0000 41.5933 54.5619 35.3553 35.3553 42.5793 42.5793 10.0000 10.0000 41.5933 41.5933 54.5619 54.5619 35.3553
12 33.5261 43.1741 19.2094 61.0328 39.0512 5.8310 37.6962 37.4833 26.0000 19.6977 67.2012 35.6931 0.0000 63.2456 40.6079 28.7924 33.5261 64.5368 44.9222 15.2315 34.0147 33.5261 33.5261 64.5368 64.5368 44.9222 44.9222 15.2315 15.2315 34.0147 34.0147 33.5261
13 29.7321 34.9857 48.2597 18.0278 54.0833 67.7791 48.3839 33.5410 46.8615 50.4777 20.8806 55.0818 63.2456 0.0000 56.6480 44.5982 29.7321 24.5967 52.3259 52.8394 44.6878 29.7321 29.7321 24.5967 24.5967 52.3259 52.3259 52.8394 52.8394 44.6878 44.6878 29.7321
14 39.0512 61.0328 25.4951 43.2897 68.9493 46.0977 8.6023 24.4131 52.8110 49.2443 47.0000 5.0000 40.6079 56.6480 0.0000 53.8516 39.0512 42.0476 6.7082 46.5296 59.0931 39.0512 39.0512 42.0476 42.0476 6.7082 6.7082 46.5296 46.5296 59.0931 59.0931 39.0512
15 20.6155 15.0000 29.1548 50.5371 15.2971 30.4138 46.8402 36.0000 3.0000 9.2195 56.8243 49.2443 28.7924 44.5982 53.8516 0.0000 20.6155 56.4624 54.8179 13.6015 5.6569 20.6155 20.6155 56.4624 56.4624 54.8179 54.8179 13.6015 13.6015 5.6569 5.6569 20.6155
16 0.0000 22.3607 20.6155 30.8058 35.0571 38.0789 30.8058 16.7631 21.5407 22.8035 37.2022 35.3553 33.5261 29.7321 39.0512 20.6155 0.0000 36.2353 38.0789 24.0832 24.0208 0.0000 0.0000 36.2353 36.2353 38.0789 38.0789 24.0832 24.0832 24.0208 24.0208 0.0000
19 36.2353 52.4690 45.8039 7.0711 69.6419 70.0928 35.6931 27.2029 57.6975 58.8303 5.3852 42.5793 64.5368 24.5967 42.0476 56.4624 36.2353 0.0000 36.0139 59.4054 58.8218 36.2353 36.2353 0.0000 0.0000 36.0139 36.0139 59.4054 59.4054 58.8218 58.8218 36.2353
22 38.0789 60.4152 28.0179 37.8550 70.0928 50.5964 8.0623 22.0227 54.1295 51.2445 41.1096 10.0000 44.9222 52.3259 6.7082 54.8179 38.0789 36.0139 0.0000 49.0102 59.7746 38.0789 38.0789 36.0139 36.0139 0.0000 0.0000 49.0102 49.0102 59.7746 59.7746 38.0789
25 24.0832 28.2843 21.0950 54.5619 24.8395 17.0294 41.0000 34.5398 10.7703 4.4721 60.9590 41.5933 15.2315 52.8394 46.5296 13.6015 24.0832 59.4054 49.0102 0.0000 18.7883 24.0832 24.0832 59.4054 59.4054 49.0102 49.0102 0.0000 0.0000 18.7883 18.7883 24.0832
28 24.0208 11.7047 34.6699 52.5547 11.0454 35.1710 51.8652 40.1995 8.0623 14.3178 58.6941 54.5619 34.0147 44.6878 59.0931 5.6569 24.0208 58.8218 59.7746 18.7883 0.0000 24.0208 24.0208 58.8218 58.8218 59.7746 59.7746 18.7883 18.7883 0.0000 0.0000 24.0208
17 0.0000 22.3607 20.6155 30.8058 35.0571 38.0789 30.8058 16.7631 21.5407 22.8035 37.2022 35.3553 33.5261 29.7321 39.0512 20.6155 0.0000 36.2353 38.0789 24.0832 24.0208 0.0000 0.0000 36.2353 36.2353 38.0789 38.0789 24.0832 24.0832 24.0208 24.0208 0.0000
18 0.0000 22.3607 20.6155 30.8058 35.0571 38.0789 30.8058 16.7631 21.5407 22.8035 37.2022 35.3553 33.5261 29.7321 39.0512 20.6155 0.0000 36.2353 38.0789 24.0832 24.0208 0.0000 0.0000 36.2353 36.2353 38.0789 38.0789 24.0832 24.0832 24.0208 24.0208 0.0000
20 36.2353 52.4690 45.8039 7.0711 69.6419 70.0928 35.6931 27.2029 57.6975 58.8303 5.3852 42.5793 64.5368 24.5967 42.0476 56.4624 36.2353 0.0000 36.0139 59.4054 58.8218 36.2353 36.2353 0.0000 0.0000 36.0139 36.0139 59.4054 59.4054 58.8218 58.8218 36.2353
21 36.2353 52.4690 45.8039 7.0711 69.6419 70.0928 35.6931 27.2029 57.6975 58.8303 5.3852 42.5793 64.5368 24.5967 42.0476 56.4624 36.2353 0.0000 36.0139 59.4054 58.8218 36.2353 36.2353 0.0000 0.0000 36.0139 36.0139 59.4054 59.4054 58.8218 58.8218 36.2353
23 38.0789 60.4152 28.0179 37.8550 70.0928 50.5964 8.0623 22.0227 54.1295 51.2445 41.1096 10.0000 44.9222 52.3259 6.7082 54.8179 38.0789 36.0139 0.0000 49.0102 59.7746 38.0789 38.0789 36.0139 36.0139 0.0000 0.0000 49.0102 49.0102 59.7746 59.7746 38.0789
24 38.0789 60.4152 28.0179 37.8550 70.0928 50.5964 8.0623 22.0227 54.1295 51.2445 41.1096 10.0000 44.9222 52.3259 6.7082 54.8179 38.0789 36.0139 0.0000 49.0102 59.7746 38.0789 38.0789 36.0139 36.0139 0.0000 0.0000 49.0102 49.0102 59.7746 59.7746 38.0789
26 24.0832 28.2843 21.0950 54.5619 24.8395 17.0294 41.0000 34.5398 10.7703 4.4721 60.9590 41.5933 15.2315 52.8394 46.5296 13.6015 24.0832 59.4054 49.0102 0.0000 18.7883 24.0832 24.0832 59.4054 59.4054 49.0102 49.0102 0.0000 0.0000 18.7883 18.7883 24.0832
27 24.0832 28.2843 21.0950 54.5619 24.8395 17.0294 41.0000 34.5398 10.7703 4.4721 60.9590 41.5933 15.2315 52.8394 46.5296 13.6015 24.0832 59.4054 49.0102 0.0000 18.7883 24.0832 24.0832 59.4054 59.4054 49.0102 49.0102 0.0000 0.0000 18.7883 18.7883 24.0832
29 24.0208 11.7047 34.6699 52.5547 11.0454 35.1710 51.8652 40.1995 8.0623 14.3178 58.6941 54.5619 34.0147 44.6878 59.0931 5.6569 24.0208 58.8218 59.7746 18.7883 0.0000 24.0208 24.0208 58.8218 58.8218 59.7746 59.7746 18.7883 18.7883 0.0000 0.0000 24.0208
30 24.0208 11.7047 34.6699 52.5547 11.0454 35.1710 51.8652 40.1995 8.0623 14.3178 58.6941 54.5619 34.0147 44.6878 59.0931 5.6569 24.0208 58.8218 59.7746 18.7883 0.0000 24.0208 24.0208 58.8218 58.8218 59.7746 59.7746 18.7883 18.7883 0.0000 0.0000 24.0208
31 0.0000 22.3607 20.6155 30.8058 35.0571 38.0789 30.8058 16.7631 21.5407 22.8035 37.2022 35.3553 33.5261 29.7321 39.0512 20.6155 0.0000 36.2353 38.0789 24.0832 24.0208 0.0000 0.0000 36.2353 36.2353 38.0789 38.0789 24.0832 24.0832 24.0208 24.0208 0.0000
;

param t : 0 1 2 3 4 5 6 7 8 9 10 11 12 13 14 15 16 19 22 25 28 17 18 20 21 23 24 26 27 29 30 31 :=
0 0.0000 22.3607 20.6155 30.8058 35.0571 38.0789 30.8058 16.7631 21.5407 22.8035 37.2022 35.3553 33.5261 29.7321 39.0512 20.6155 0.0000 36.2353 38.0789 24.0832 24.0208 0.0000 0.0000 36.2353 36.2353 38.0789 38.0789 24.0832 24.0832 24.0208 24.0208 0.0000
1 22.3607 0.0000 39.0512 45.7056 19.2094 45.2769 53.0000 39.0000 18.0000 24.0832 51.4198 57.0088 43.1741 34.9857 61.0328 15.0000 22.3607 52.4690 60.4152 28.2843 11.7047 22.3607 22.3607 52.4690 52.4690 60.4152 60.4152 28.2843 28.2843 11.7047 11.7047 22.3607
2 20.6155 39.0512 0.0000 42.9418 43.8634 25.0000 20.0998 18.6011 27.7308 23.7697 48.8774 20.6155 19.2094 48.2597 25.4951 29.1548 20.6155 45.8039 28.0179 21.0950 34.6699 20.6155 20.6155 45.8039 45.8039 28.0179 28.0179 21.0950 21.0950 34.6699 34.6699 20.6155
3 30.8058 45.7056 42.9418 0.0000 63.2456 66.4003 36.0000 24.6982 51.9711 53.6004 6.4031 43.0000 61.0328 18.0278 43.2897 50.5371 30.8058 7.0711 37.8550 54.5619 52.5547 30.8058 30.8058 7.0711 7.0711 37.8550 37.8550 54.5619 54.5619 52.5547 52.5547 30.8058
4 35.0571 19.2094 43.8634 63.2456 0.0000 38.5876 62.0967 51.0882 16.1555 20.8087 69.2892 64.2573 39.0512 54.0833 68.9493 15.2971 35.0571 69.6419 70.0928 24.8395 11.0454 35.0571 35.0571 69.6419 69.6419 70.0928 70.0928 24.8395 24.8395 11.0454 11.0454 35.0571
5 38.0789 45.2769 25.0000 66.4003 38.5876 0.0000 43.4626 43.1393 27.4591 21.2132 72.6223 41.2311 5.8310 67.7791 46.0977 30.4138 38.0789 70.0928 50.5964 17.0294 35.1710 38.0789 38.0789 70.0928 70.0928 50.5964 50.5964 17.0294 17.0294 35.1710 35.1710 38.0789
6 30.8058 53.0000 20.0998 36.0000 62.0967 43.4626 0.0000 15.8114 46.0977 43.1856 40.3113 7.0000 37.6962 48.3839 8.6023 46.8402 30.8058 35.6931 8.0623 41.0000 51.8652 30.8058 30.8058 35.6931 35.6931 8.0623 8.0623 41.0000 41.0000 51.8652 51.8652 30.8058
7 16.7631 39.0000 18.6011 24.6982 51.0882 43.1393 15.8114 0.0000 36.1248 35.1710 30.4138 21.9317 37.4833 33.5410 24.4131 36.0000 16.7631 27.2029 22.0227 34.5398 40.1995 16.7631 16.7631 27.2029 27.2029 22.0227 22.0227 34.5398 34.5398 40.1995 40.1995 16.7631
8 21.5407 18.0000 27.7308 51.9711 16.1555 27.4591 46.0977 36.1248 0.0000 6.3246 58.3095 48.1041 26.0000 46.8615 52.8110 3.0000 21.5407 57.6975 54.1295 10.7703 8.0623 21.5407 21.5407 57.6975 57.6975 54.1295 54.1295 10.7703 10.7703 8.0623 8.0623 21.5407
9 22.8035 24.0832 23.7697 53.6004 20.8087 21.2132 43.1856 35.1710 6.3246 0.0000 60.0000 44.3847 19.6977 50.4777 49.2443 9.2195 22.8035 58.8303 51.2445 4.4721 14.3178 22.8035 22.8035 58.8303 58.8303 51.2445 51.2445 4.4721 4.4721 14.3178 14.3178 22.8035
10 37.2022 51.4198 48.8774 6.4031 69.2892 72.6223 40.3113 30.4138 58.3095 60.0000 0.0000 47.2652 67.2012 20.8806 47.0000 56.8243 37.2022 5.3852 41.1096 60.9590 58.6941 37.2022 37.2022 5.3852 5.3852 41.1096 41.1096 60.9590 60.9590 58.6941 58.6941 37.2022
11 35.3553 57.0088 20.6155 43.0000 64.2573 41.2311 7.0000 21.9317 48.1041 44.3847 47.2652 0.0000 35.6931 55.0818 5.0000 49.2443 35.3553 42.5793 10.0000 41.5933 54.5619 35.3553 35.3553 42.5793 42.5793 10.0000 10.0000 41.5933 41.5933 54.5619 54.5619 35.3553
12 33.5261 43.1741 19.2094 61.0328 39.0512 5.8310 37.6962 37.4833 26.0000 19.6977 67.2012 35.6931 0.0000 63.2456 40.6079 28.7924 33.5261 64.5368 44.9222 15.2315 34.0147 33.5261 33.5261 64.5368 64.5368 44.9222 44.9222 15.2315 15.2315 34.0147 34.0147 33.5261
13 29.7321 34.9857 48.2597 18.0278 54.0833 67.7791 48.3839 33.5410 46.8615 50.4777 20.8806 55.0818 63.2456 0.0000 56.6480 44.5982 29.7321 24.5967 52.3259 52.8394 44.6878 29.7321 29.7321 24.5967 24.5967 52.3259 52.3259 52.8394 52.8394 44.6878 44.6878 29.7321
14 39.0512 61.0328 25.4951 43.2897 68.9493 46.0977 8.6023 24.4131 52.8110 49.2443 47.0000 5.0000 40.6079 56.6480 0.0000 53.8516 39.0512 42.0476 6.7082 46.5296 59.0931 39.0512 39.0512 42.0476 42.0476 6.7082 6.7082 46.5296 46.5296 59.0931 59.0931 39.0512
15 20.6155 15.0000 29.1548 50.5371 15.2971 30.4138 46.8402 36.0000 3.0000 9.2195 56.8243 49.2443 28.7924 44.5982 53.8516 0.0000 20.6155 56.4624 54.8179 13.6015 5.6569 20.6155 20.6155 56.4624 56.4624 54.8179 54.8179 13.6015 13.6015 5.6569 5.6569 20.6155
16 0.0000 22.3607 20.6155 30.8058 35.0571 38.0789 30.8058 16.7631 21.5407 22.8035 37.2022 35.3553 33.5261 29.7321 39.0512 20.6155 0.0000 36.2353 38.0789 24.0832 24.0208 0.0000 0.0000 36.2353 36.2353 38.0789 38.0789 24.0832 24.0832 24.0208 24.0208 0.0000
19 36.2353 52.4690 45.8039 7.0711 69.6419 70.0928 35.6931 27.2029 57.6975 58.8303 5.3852 42.5793 64.5368 24.5967 42.0476 56.4624 36.2353 0.0000 36.0139 59.4054 58.8218 36.2353 36.2353 0.0000 0.0000 36.0139 36.0139 59.4054 59.4054 58.8218 58.8218 36.2353
22 38.0789 60.4152 28.0179 37.8550 70.0928 50.5964 8.0623 22.0227 54.1295 51.2445 41.1096 10.0000 44.9222 52.3259 6.7082 54.8179 38.0789 36.0139 0.0000 49.0102 59.7746 38.0789 38.0789 36.0139 36.0139 0.0000 0.0000 49.0102 49.0102 59.7746 59.7746 38.0789
25 24.0832 28.2843 21.0950 54.5619 24.8395 17.0294 41.0000 34.5398 10.7703 4.4721 60.9590 41.5933 15.2315 52.8394 46.5296 13.6015 24.0832 59.4054 49.0102 0.0000 18.7883 24.0832 24.0832 59.4054 59.4054 49.0102 49.0102 0.0000 0.0000 18.7883 18.7883 24.0832
28 24.0208 11.7047 34.6699 52.5547 11.0454 35.1710 51.8652 40.1995 8.0623 14.3178 58.6941 54.5619 34.0147 44.6878 59.0931 5.6569 24.0208 58.8218 59.7746 18.7883 0.0000 24.0208 24.0208 58.8218 58.8218 59.7746 59.7746 18.7883 18.7883 0.0000 0.0000 24.0208
17 0.0000 22.3607 20.6155 30.8058 35.0571 38.0789 30.8058 16.7631 21.5407 22.8035 37.2022 35.3553 33.5261 29.7321 39.0512 20.6155 0.0000 36.2353 38.0789 24.0832 24.0208 0.0000 0.0000 36.2353 36.2353 38.0789 38.0789 24.0832 24.0832 24.0208 24.0208 0.0000
18 0.0000 22.3607 20.6155 30.8058 35.0571 38.0789 30.8058 16.7631 21.5407 22.8035 37.2022 35.3553 33.5261 29.7321 39.0512 20.6155 0.0000 36.2353 38.0789 24.0832 24.0208 0.0000 0.0000 36.2353 36.2353 38.0789 38.0789 24.0832 24.0832 24.0208 24.0208 0.0000
20 36.2353 52.4690 45.8039 7.0711 69.6419 70.0928 35.6931 27.2029 57.6975 58.8303 5.3852 42.5793 64.5368 24.5967 42.0476 56.4624 36.2353 0.0000 36.0139 59.4054 58.8218 36.2353 36.2353 0.0000 0.0000 36.0139 36.0139 59.4054 59.4054 58.8218 58.8218 36.2353
21 36.2353 52.4690 45.8039 7.0711 69.6419 70.0928 35.6931 27.2029 57.6975 58.8303 5.3852 42.5793 64.5368 24.5967 42.0476 56.4624 36.2353 0.0000 36.0139 59.4054 58.8218 36.2353 36.2353 0.0000 0.0000 36.0139 36.0139 59.4054 59.4054 58.8218 58.8218 36.2353
23 38.0789 60.4152 28.0179 37.8550 70.0928 50.5964 8.0623 22.0227 54.1295 51.2445 41.1096 10.0000 44.9222 52.3259 6.7082 54.8179 38.0789 36.0139 0.0000 49.0102 59.7746 38.0789 38.0789 36.0139 36.0139 0.0000 0.0000 49.0102 49.0102 59.7746 59.7746 38.0789
24 38.0789 60.4152 28.0179 37.8550 70.0928 50.5964 8.0623 22.0227 54.1295 51.2445 41.1096 10.0000 44.9222 52.3259 6.7082 54.8179 38.0789 36.0139 0.0000 49.0102 59.7746 38.0789 38.0789 36.0139 36.0139 0.0000 0.0000 49.0102 49.0102 59.7746 59.7746 38.0789
26 24.0832 28.2843 21.0950 54.5619 24.8395 17.0294 41.0000 34.5398 10.7703 4.4721 60.9590 41.5933 15.2315 52.8394 46.5296 13.6015 24.0832 59.4054 49.0102 0.0000 18.7883 24.0832 24.0832 59.4054 59.4054 49.0102 49.0102 0.0000 0.0000 18.7883 18.7883 24.0832
27 24.0832 28.2843 21.0950 54.5619 24.8395 17.0294 41.0000 34.5398 10.7703 4.4721 60.9590 41.5933 15.2315 52.8394 46.5296 13.6015 24.0832 59.4054 49.0102 0.0000 18.7883 24.0832 24.0832 59.4054 59.4054 49.0102 49.0102 0.0000 0.0000 18.7883 18.7883 24.0832
29 24.0208 11.7047 34.6699 52.5547 11.0454 35.1710 51.8652 40.1995 8.0623 14.3178 58.6941 54.5619 34.0147 44.6878 59.0931 5.6569 24.0208 58.8218 59.7746 18.7883 0.0000 24.0208 24.0208 58.8218 58.8218 59.7746 59.7746 18.7883 18.7883 0.0000 0.0000 24.0208
30 24.0208 11.7047 34.6699 52.5547 11.0454 35.1710 51.8652 40.1995 8.0623 14.3178 58.6941 54.5619 34.0147 44.6878 59.0931 5.6569 24.0208 58.8218 59.7746 18.7883 0.0000 24.0208 24.0208 58.8218 58.8218 59.7746 59.7746 18.7883 18.7883 0.0000 0.0000 24.0208
31 0.0000 22.3607 20.6155 30.8058 35.0571 38.0789 30.8058 16.7631 21.5407 22.8035 37.2022 35.3553 33.5261 29.7321 39.0512 20.6155 0.0000 36.2353 38.0789 24.0832 24.0208 0.0000 0.0000 36.2353 36.2353 38.0789 38.0789 24.0832 24.0832 24.0208 24.0208 0.0000
;