set F_UNIQ := 16 19 22;
set F_NODES[16] := 16 17 18;
set F_NODES[19] := 19 20 21;
set F_NODES[22] := 22 23 24;
#definition

# set
set V := 1 2 3 4 5 6 7 8 9 10 11 12 13 14 15 ; 	# customer set
set F := 16 19 22 
17 18  
20 21  
23 24 ;#recharging & battery swapping station
set D0 :=0;
set Dsig :=25;


# param
param CV := 200;    		# ECV fixed cost(Topic Given)
param C := 200;   		# ECV max load
param Q := 77.75; 		# ECV/BSV battery level
param h := 1;     		# ECV consumption

param CB := 267;    		# BSV fixed cost(Topic Given)
param Qplun := 5;       # BSV max load(battery)
param hplun := 1;     	# BSV consumption
param W :=155.50;		# BSV battery level

param Ct := 10 ;		# travel cost
param Cr := 100 ;		# recharging cost
param lamda := 0.00;	# battery swap time
param Cb ;  	    # battery swap cost(BSS/BSV)
param n :=15;	   		# number of customers
param g :=10.41 ;     	# the recharging rate of ECV 



# customer demend
param m :=
0 0
1 10
2 10
3 10
4 10
5 10
6 10
7 10
8 10
9 10
10 10
11 10
12 10
13 20
14 20
15 10
16 0
19 0
22 0
17 0
18 0
20 0
21 0
23 0
24 0
25 0;

param e :=
0 0
1 338
2 630
3 769
4 489
5 567
6 264
7 10
8 695
9 513
10 716
11 794
12 890
13 50
14 349
15 872
16 0
19 0
22 0
17 0
18 0
20 0
21 0
23 0
24 0
25 0;

param l :=
0 1236
1 433
2 909
3 956
4 650
5 758
6 313
7 77
8 816
9 628
10 795
11 907
12 989
13 237
14 632
15 1127
16 1236
19 1236
22 1236
17 1236
18 1236
20 1236
21 1236
23 1236
24 1236
25 1236;

param s :=
0 0
1 90
2 90
3 90
4 90
5 90
6 90
7 90
8 90
9 90
10 90
11 90
12 90
13 90
14 90
15 90
16 0
19 0
22 0
17 0
18 0
20 0
21 0
23 0
24 0
25 0;

param d : 0 1 2 3 4 5 6 7 8 9 10 11 12 13 14 15 16 19 22 17 18 20 21 23 24 25 :=
0 0.0000 21.5407 24.3516 22.3607 20.0998 21.5407 17.1172 10.0000 25.0000 22.3607 20.6155 16.5529 18.6815 50.2892 31.0483 18.0278 0.0000 24.0208 42.0595 0.0000 0.0000 24.0208 24.0208 42.0595 42.0595 0.0000
1 21.5407 0.0000 41.7732 41.0366 40.4475 16.0000 23.7697 20.0998 7.0000 2.0000 13.0000 15.8114 40.1622 56.2228 47.2017 5.3852 21.5407 8.0623 45.0000 21.5407 21.5407 8.0623 8.0623 45.0000 45.0000 21.5407
2 24.3516 41.7732 0.0000 3.6056 27.7308 31.7648 40.4475 33.9559 47.2017 43.2782 33.2866 28.0179 20.5913 33.9706 7.0000 40.2244 24.3516 40.0000 31.3050 24.3516 24.3516 40.0000 40.0000 31.3050 31.3050 24.3516
3 22.3607 41.0366 3.6056 0.0000 24.1661 32.3110 37.8550 31.6228 46.0977 42.4264 33.5410 28.1780 17.0000 37.5366 10.1980 39.0512 22.3607 39.9625 34.4819 22.3607 22.3607 39.9625 39.9625 34.4819 34.4819 22.3607
4 20.0998 40.4475 27.7308 24.1661 0.0000 41.2311 23.4307 21.5407 42.0595 40.7922 40.6079 36.1386 7.2801 61.0328 34.1760 35.9026 20.0998 44.0114 55.8659 20.0998 20.0998 44.0114 44.0114 55.8659 55.8659 20.0998
5 21.5407 16.0000 31.7648 32.3110 41.2311 0.0000 33.3017 26.9072 23.0000 18.0000 3.0000 5.0990 38.1182 40.3113 35.6090 18.6815 21.5407 9.8489 29.0000 21.5407 21.5407 9.8489 9.8489 29.0000 29.0000 21.5407
6 17.1172 23.7697 40.4475 37.8550 23.4307 33.3017 0.0000 7.2801 22.0907 23.0868 31.1127 29.4109 27.2029 67.1863 47.3814 18.3848 17.1172 30.5287 58.3095 17.1172 17.1172 30.5287 30.5287 58.3095 58.3095 17.1172
7 10.0000 20.0998 33.9559 31.6228 21.5407 26.9072 7.2801 0.0000 20.6155 20.0000 25.0000 22.6716 23.4307 59.9083 40.7922 15.0000 10.0000 25.6320 51.0784 10.0000 10.0000 25.6320 25.6320 51.0784 51.0784 10.0000
8 25.0000 7.0000 47.2017 46.0977 42.0595 23.0000 22.0907 20.6155 0.0000 5.0000 20.0000 22.5610 42.9418 63.1981 53.0000 7.0711 25.0000 14.5602 52.0000 25.0000 25.0000 14.5602 14.5602 52.0000 52.0000 25.0000
9 22.3607 2.0000 43.2782 42.4264 40.7922 18.0000 23.0868 20.0000 5.0000 0.0000 15.0000 17.7200 40.8534 58.2151 48.8262 5.0000 22.3607 9.8489 47.0000 22.3607 22.3607 9.8489 9.8489 47.0000 47.0000 22.3607
10 20.6155 13.0000 33.2866 33.5410 40.6079 3.0000 31.1127 25.0000 20.0000 15.0000 0.0000 5.3852 38.0000 43.2897 37.5366 15.8114 20.6155 7.2111 32.0000 20.6155 20.6155 7.2111 7.2111 32.0000 32.0000 20.6155
11 16.5529 15.8114 28.0179 28.1780 36.1386 5.0990 29.4109 22.6716 22.5610 17.7200 5.3852 0.0000 33.0606 41.0000 32.5269 17.0000 16.5529 12.0416 30.4138 16.5529 16.5529 12.0416 12.0416 30.4138 30.4138 16.5529
12 18.6815 40.1622 20.5913 17.0000 7.2801 38.1182 27.2029 23.4307 42.9418 40.8534 38.0000 33.0606 0.0000 54.2033 26.9258 36.2491 18.6815 42.4264 49.6790 18.6815 18.6815 42.4264 42.4264 49.6790 49.6790 18.6815
13 50.2892 56.2228 33.9706 37.5366 61.0328 40.3113 67.1863 59.9083 63.1981 58.2151 43.2897 41.0000 54.2033 0.0000 29.2062 58.0000 50.2892 49.8197 12.0830 50.2892 50.2892 49.8197 49.8197 12.0830 12.0830 50.2892
14 31.0483 47.2017 7.0000 10.1980 34.1760 35.6090 47.3814 40.7922 53.0000 48.8262 37.5366 32.5269 26.9258 29.2062 0.0000 46.1411 31.0483 44.5533 28.8617 31.0483 31.0483 44.5533 44.5533 28.8617 28.8617 31.0483
15 18.0278 5.3852 40.2244 39.0512 35.9026 18.6815 18.3848 15.0000 7.0711 5.0000 15.8114 17.0000 36.2491 58.0000 46.1411 0.0000 18.0278 12.7279 47.2652 18.0278 18.0278 12.7279 12.7279 47.2652 47.2652 18.0278
16 0.0000 21.5407 24.3516 22.3607 20.0998 21.5407 17.1172 10.0000 25.0000 22.3607 20.6155 16.5529 18.6815 50.2892 31.0483 18.0278 0.0000 24.0208 42.0595 0.0000 0.0000 24.0208 24.0208 42.0595 42.0595 0.0000
19 24.0208 8.0623 40.0000 39.9625 44.0114 9.8489 30.5287 25.6320 14.5602 9.8489 7.2111 12.0416 42.4264 49.8197 44.5533 12.7279 24.0208 0.0000 38.2099 24.0208 24.0208 0.0000 0.0000 38.2099 38.2099 24.0208
22 42.0595 45.0000 31.3050 34.4819 55.8659 29.0000 58.3095 51.0784 52.0000 47.0000 32.0000 30.4138 49.6790 12.0830 28.8617 47.2652 42.0595 38.2099 0.0000 42.0595 42.0595 38.2099 38.2099 0.0000 0.0000 42.0595
17 0.0000 21.5407 24.3516 22.3607 20.0998 21.5407 17.1172 10.0000 25.0000 22.3607 20.6155 16.5529 18.6815 50.2892 31.0483 18.0278 0.0000 24.0208 42.0595 0.0000 0.0000 24.0208 24.0208 42.0595 42.0595 0.0000
18 0.0000 21.5407 24.3516 22.3607 20.0998 21.5407 17.1172 10.0000 25.0000 22.3607 20.6155 16.5529 18.6815 50.2892 31.0483 18.0278 0.0000 24.0208 42.0595 0.0000 0.0000 24.0208 24.0208 42.0595 42.0595 0.0000
20 24.0208 8.0623 40.0000 39.9625 44.0114 9.8489 30.5287 25.6320 14.5602 9.8489 7.2111 12.0416 42.4264 49.8197 44.5533 12.7279 24.0208 0.0000 38.2099 24.0208 24.0208 0.0000 0.0000 38.2099 38.2099 24.0208
21 24.0208 8.0623 40.0000 39.9625 44.0114 9.8489 30.5287 25.6320 14.5602 9.8489 7.2111 12.0416 42.4264 49.8197 44.5533 12.7279 24.0208 0.0000 38.2099 24.0208 24.0208 0.0000 0.0000 38.2099 38.2099 24.0208
23 42.0595 45.0000 31.3050 34.4819 55.8659 29.0000 58.3095 51.0784 52.0000 47.0000 32.0000 30.4138 49.6790 12.0830 28.8617 47.2652 42.0595 38.2099 0.0000 42.0595 42.0595 38.2099 38.2099 0.0000 0.0000 42.0595
24 42.0595 45.0000 31.3050 34.4819 55.8659 29.0000 58.3095 51.0784 52.0000 47.0000 32.0000 30.4138 49.6790 12.0830 28.8617 47.2652 42.0595 38.2099 0.0000 42.0595 42.0595 38.2099 38.2099 0.0000 0.0000 42.0595
25 0.0000 21.5407 24.3516 22.3607 20.0998 21.5407 17.1172 10.0000 25.0000 22.3607 20.6155 16.5529 18.6815 50.2892 31.0483 18.0278 0.0000 24.0208 42.0595 0.0000 0.0000 24.0208 24.0208 42.0595 42.0595 0.0000
;

param t : 0 1 2 3 4 5 6 7 8 9 10 11 12 13 14 15 16 19 22 17 18 20 21 23 24 25 :=
0 0.0000 21.5407 24.3516 22.3607 20.0998 21.5407 17.1172 10.0000 25.0000 22.3607 20.6155 16.5529 18.6815 50.2892 31.0483 18.0278 0.0000 24.0208 42.0595 0.0000 0.0000 24.0208 24.0208 42.0595 42.0595 0.0000
1 21.5407 0.0000 41.7732 41.0366 40.4475 16.0000 23.7697 20.0998 7.0000 2.0000 13.0000 15.8114 40.1622 56.2228 47.2017 5.3852 21.5407 8.0623 45.0000 21.5407 21.5407 8.0623 8.0623 45.0000 45.0000 21.5407
2 24.3516 41.7732 0.0000 3.6056 27.7308 31.7648 40.4475 33.9559 47.2017 43.2782 33.2866 28.0179 20.5913 33.9706 7.0000 40.2244 24.3516 40.0000 31.3050 24.3516 24.3516 40.0000 40.0000 31.3050 31.3050 24.3516
3 22.3607 41.0366 3.6056 0.0000 24.1661 32.3110 37.8550 31.6228 46.0977 42.4264 33.5410 28.1780 17.0000 37.5366 10.1980 39.0512 22.3607 39.9625 34.4819 22.3607 22.3607 39.9625 39.9625 34.4819 34.4819 22.3607
4 20.0998 40.4475 27.7308 24.1661 0.0000 41.2311 23.4307 21.5407 42.0595 40.7922 40.6079 36.1386 7.2801 61.0328 34.1760 35.9026 20.0998 44.0114 55.8659 20.0998 20.0998 44.0114 44.0114 55.8659 55.8659 20.0998
5 21.5407 16.0000 31.7648 32.3110 41.2311 0.0000 33.3017 26.9072 23.0000 18.0000 3.0000 5.0990 38.1182 40.3113 35.6090 18.6815 21.5407 9.8489 29.0000 21.5407 21.5407 9.8489 9.8489 29.0000 29.0000 21.5407
6 17.1172 23.7697 40.4475 37.8550 23.4307 33.3017 0.0000 7.2801 22.0907 23.0868 31.1127 29.4109 27.2029 67.1863 47.3814 18.3848 17.1172 30.5287 58.3095 17.1172 17.1172 30.5287 30.5287 58.3095 58.3095 17.1172
7 10.0000 20.0998 33.9559 31.6228 21.5407 26.9072 7.2801 0.0000 20.6155 20.0000 25.0000 22.6716 23.4307 59.9083 40.7922 15.0000 10.0000 25.6320 51.0784 10.0000 10.0000 25.6320 25.6320 51.0784 51.0784 10.0000
8 25.0000 7.0000 47.2017 46.0977 42.0595 23.0000 22.0907 20.6155 0.0000 5.0000 20.0000 22.5610 42.9418 63.1981 53.0000 7.0711 25.0000 14.5602 52.0000 25.0000 25.0000 14.5602 14.5602 52.0000 52.0000 25.0000
9 22.3607 2.0000 43.2782 42.4264 40.7922 18.0000 23.0868 20.0000 5.0000 0.0000 15.0000 17.7200 40.8534 58.2151 48.8262 5.0000 22.3607 9.8489 47.0000 22.3607 22.3607 9.8489 9.8489 47.0000 47.0000 22.3607
10 20.6155 13.0000 33.2866 33.5410 40.6079 3.0000 31.1127 25.0000 20.0000 15.0000 0.0000 5.3852 38.0000 43.2897 37.5366 15.8114 20.6155 7.2111 32.0000 20.6155 20.6155 7.2111 7.2111 32.0000 32.0000 20.6155
11 16.5529 15.8114 28.0179 28.1780 36.1386 5.0990 29.4109 22.6716 22.5610 17.7200 5.3852 0.0000 33.0606 41.0000 32.5269 17.0000 16.5529 12.0416 30.4138 16.5529 16.5529 12.0416 12.0416 30.4138 30.4138 16.5529
12 18.6815 40.1622 20.5913 17.0000 7.2801 38.1182 27.2029 23.4307 42.9418 40.8534 38.0000 33.0606 0.0000 54.2033 26.9258 36.2491 18.6815 42.4264 49.6790 18.6815 18.6815 42.4264 42.4264 49.6790 49.6790 18.6815
13 50.2892 56.2228 33.9706 37.5366 61.0328 40.3113 67.1863 59.9083 63.1981 58.2151 43.2897 41.0000 54.2033 0.0000 29.2062 58.0000 50.2892 49.8197 12.0830 50.2892 50.2892 49.8197 49.8197 12.0830 12.0830 50.2892
14 31.0483 47.2017 7.0000 10.1980 34.1760 35.6090 47.3814 40.7922 53.0000 48.8262 37.5366 32.5269 26.9258 29.2062 0.0000 46.1411 31.0483 44.5533 28.8617 31.0483 31.0483 44.5533 44.5533 28.8617 28.8617 31.0483
15 18.0278 5.3852 40.2244 39.0512 35.9026 18.6815 18.3848 15.0000 7.0711 5.0000 15.8114 17.0000 36.2491 58.0000 46.1411 0.0000 18.0278 12.7279 47.2652 18.0278 18.0278 12.7279 12.7279 47.2652 47.2652 18.0278
16 0.0000 21.5407 24.3516 22.3607 20.0998 21.5407 17.1172 10.0000 25.0000 22.3607 20.6155 16.5529 18.6815 50.2892 31.0483 18.0278 0.0000 24.0208 42.0595 0.0000 0.0000 24.0208 24.0208 42.0595 42.0595 0.0000
19 24.0208 8.0623 40.0000 39.9625 44.0114 9.8489 30.5287 25.6320 14.5602 9.8489 7.2111 12.0416 42.4264 49.8197 44.5533 12.7279 24.0208 0.0000 38.2099 24.0208 24.0208 0.0000 0.0000 38.2099 38.2099 24.0208
22 42.0595 45.0000 31.3050 34.4819 55.8659 29.0000 58.3095 51.0784 52.0000 47.0000 32.0000 30.4138 49.6790 12.0830 28.8617 47.2652 42.0595 38.2099 0.0000 42.0595 42.0595 38.2099 38.2099 0.0000 0.0000 42.0595
17 0.0000 21.5407 24.3516 22.3607 20.0998 21.5407 17.1172 10.0000 25.0000 22.3607 20.6155 16.5529 18.6815 50.2892 31.0483 18.0278 0.0000 24.0208 42.0595 0.0000 0.0000 24.0208 24.0208 42.0595 42.0595 0.0000
18 0.0000 21.5407 24.3516 22.3607 20.0998 21.5407 17.1172 10.0000 25.0000 22.3607 20.6155 16.5529 18.6815 50.2892 31.0483 18.0278 0.0000 24.0208 42.0595 0.0000 0.0000 24.0208 24.0208 42.0595 42.0595 0.0000
20 24.0208 8.0623 40.0000 39.9625 44.0114 9.8489 30.5287 25.6320 14.5602 9.8489 7.2111 12.0416 42.4264 49.8197 44.5533 12.7279 24.0208 0.0000 38.2099 24.0208 24.0208 0.0000 0.0000 38.2099 38.2099 24.0208
21 24.0208 8.0623 40.0000 39.9625 44.0114 9.8489 30.5287 25.6320 14.5602 9.8489 7.2111 12.0416 42.4264 49.8197 44.5533 12.7279 24.0208 0.0000 38.2099 24.0208 24.0208 0.0000 0.0000 38.2099 38.2099 24.0208
23 42.0595 45.0000 31.3050 34.4819 55.8659 29.0000 58.3095 51.0784 52.0000 47.0000 32.0000 30.4138 49.6790 12.0830 28.8617 47.2652 42.0595 38.2099 0.0000 42.0595 42.0595 38.2099 38.2099 0.0000 0.0000 42.0595
24 42.0595 45.0000 31.3050 34.4819 55.8659 29.0000 58.3095 51.0784 52.0000 47.0000 32.0000 30.4138 49.6790 12.0830 28.8617 47.2652 42.0595 38.2099 0.0000 42.0595 42.0595 38.2099 38.2099 0.0000 0.0000 42.0595
25 0.0000 21.5407 24.3516 22.3607 20.0998 21.5407 17.1172 10.0000 25.0000 22.3607 20.6155 16.5529 18.6815 50.2892 31.0483 18.0278 0.0000 24.0208 42.0595 0.0000 0.0000 24.0208 24.0208 42.0595 42.0595 0.0000
;