set F_UNIQ := 16 19 22 25 28;
set F_NODES[16] := 16 17 18;
set F_NODES[19] := 19 20 21;
set F_NODES[22] := 22 23 24;
set F_NODES[25] := 25 26 27;
set F_NODES[28] := 28 29 30;
#definition

# set
set V := 1 2 3 4 5 6 7 8 9 10 11 12 13 14 15 ; 	# customer set
set F := 16 19 22 25 28 
17 18  
20 21  
23 24 
26 27 
29 30  ;#recharging & battery swapping station
set D0 :=0;
set Dsig :=31;


# param
param CV := 200;    		# ECV fixed cost(Topic Given)
param C := 700;   		# ECV max load
param Q := 77.75; 		# ECV/BSV battery level
param h := 1;     		# ECV consumption

param CB := 267;    		# BSV fixed cost(Topic Given)
param Qplun := 5;       # BSV max load(battery)
param hplun := 1;     	# BSV consumption
param W :=155.50;		# BSV battery level

param Ct := 10 ;		# travel cost
param Cr := 100 ;		# recharging cost
param lamda := 0.00;	# battery swap time
param Cb ;  	    # battery swap cost(BSS/BSV)
param n :=15;	   		# number of customers
param g :=10.41 ;     	# the recharging rate of ECV 



# customer demend
param m :=
0 0
1 20
2 20
3 10
4 10
5 10
6 10
7 10
8 50
9 30
10 10
11 20
12 10
13 10
14 10
15 10
16 0
19 0
22 0
25 0
28 0
17 0
18 0
20 0
21 0
23 0
24 0
26 0
27 0
29 0
30 0
31 0;

param e :=
0 0
1 2311
2 0
3 2573
4 2758
5 209
6 407
7 0
8 25
9 1442
10 2414
11 3097
12 2791
13 2200
14 1643
15 2131
16 0
19 0
22 0
25 0
28 0
17 0
18 0
20 0
21 0
23 0
24 0
26 0
27 0
29 0
30 0
31 0;

param l :=
0 3390
1 2471
2 3264
3 2733
4 2918
5 369
6 567
7 3270
8 185
9 1602
10 2574
11 3257
12 2951
13 2360
14 1803
15 2291
16 3390
19 3390
22 3390
25 3390
28 3390
17 3390
18 3390
20 3390
21 3390
23 3390
24 3390
26 3390
27 3390
29 3390
30 3390
31 3390;

param s :=
0 0
1 90
2 90
3 90
4 90
5 90
6 90
7 90
8 90
9 90
10 90
11 90
12 90
13 90
14 90
15 90
16 0
19 0
22 0
25 0
28 0
17 0
18 0
20 0
21 0
23 0
24 0
26 0
27 0
29 0
30 0
31 0;

param d : 0 1 2 3 4 5 6 7 8 9 10 11 12 13 14 15 16 19 22 25 28 17 18 20 21 23 24 26 27 29 30 31 :=
0 0.0000 33.3017 35.3553 16.5529 18.6815 17.1172 33.5410 29.0689 14.1421 45.0444 55.7136 24.3311 16.7631 25.0000 30.5287 52.2015 0.0000 37.0540 35.1710 24.0208 42.0595 0.0000 0.0000 37.0540 37.0540 35.1710 35.1710 24.0208 24.0208 42.0595 42.0595 0.0000
1 33.3017 0.0000 60.4070 42.7200 46.2385 23.5372 37.3363 44.4072 47.4236 72.8011 86.6083 54.3783 19.2354 45.5412 9.8489 82.3650 33.3017 63.3246 15.8114 53.3104 74.2024 33.3017 33.3017 63.3246 63.3246 15.8114 15.8114 53.3104 53.3104 74.2024 74.2024 33.3017
2 35.3553 60.4070 0.0000 46.5188 46.1411 52.0865 32.0156 19.1050 29.1548 62.2013 30.2324 14.2127 41.4849 55.9017 61.9839 25.0000 35.3553 3.6056 52.6972 46.2277 25.0799 35.3553 35.3553 3.6056 3.6056 52.6972 52.6972 46.2277 46.2277 25.0799 25.0799 35.3553
3 16.5529 42.7200 46.5188 0.0000 3.6056 19.7231 50.0899 44.6878 17.7200 30.4138 59.2115 32.8938 31.0644 9.4340 36.3593 57.0000 16.5529 47.1699 49.0408 10.8167 44.2832 16.5529 16.5529 47.1699 47.1699 49.0408 49.0408 10.8167 10.8167 44.2832 44.2832 16.5529
4 18.6815 46.2385 46.1411 3.6056 0.0000 23.3238 52.0000 45.8039 17.0000 27.1662 57.0351 32.2025 34.0000 10.1980 39.9625 55.0818 18.6815 46.5188 52.1536 7.2111 42.0476 18.6815 18.6815 46.5188 46.5188 52.1536 52.1536 7.2111 7.2111 42.0476 42.0476 18.6815
5 17.1172 23.5372 52.0865 19.7231 23.3238 0.0000 42.5206 42.5441 29.5466 49.3356 72.4224 41.4367 18.4391 22.0907 16.6433 69.1231 17.1172 54.0000 32.9848 30.5287 58.3095 17.1172 17.1172 54.0000 54.0000 32.9848 32.9848 30.5287 30.5287 58.3095 58.3095 17.1172
6 33.5410 37.3363 32.0156 50.0899 52.0000 42.5206 0.0000 13.0384 40.3113 76.9025 62.2013 35.1710 24.4131 58.3095 43.3244 57.0088 33.5410 35.6090 24.3311 56.3205 54.6260 33.5410 33.5410 35.6090 35.6090 24.3311 24.3311 56.3205 56.3205 54.6260 54.6260 33.5410
7 29.0689 44.4072 19.1050 44.6878 45.8039 42.5441 13.0384 0.0000 31.3847 68.3520 49.2037 23.0868 27.1662 53.7587 48.0937 44.0454 29.0689 22.6716 34.4384 48.7647 41.7852 29.0689 29.0689 22.6716 22.6716 34.4384 34.4384 48.7647 48.7647 41.7852 41.7852 29.0689
8 14.1421 47.4236 29.1548 17.7200 17.0000 29.5466 40.3113 31.3847 0.0000 37.0000 43.1741 15.2315 30.0167 26.9258 44.4072 40.3113 14.1421 29.5466 47.9270 17.8045 28.7924 14.1421 14.1421 29.5466 29.5466 47.9270 47.9270 17.8045 17.8045 28.7924 28.7924 14.1421
9 45.0444 72.8011 62.2013 30.4138 27.1662 49.3356 76.9025 68.3520 37.0000 0.0000 59.5063 48.5489 61.0737 28.1780 65.5515 60.0333 45.0444 61.0737 79.3095 21.0238 46.3249 45.0444 45.0444 61.0737 61.0737 79.3095 79.3095 21.0238 21.0238 46.3249 46.3249 45.0444
10 55.7136 86.6083 30.2324 59.2115 57.0351 72.4224 62.2013 49.2037 43.1741 59.5063 0.0000 32.2490 67.4166 67.0000 85.9069 5.3852 55.7136 26.6271 81.4678 53.1507 15.0000 55.7136 55.7136 26.6271 26.6271 81.4678 81.4678 53.1507 53.1507 15.0000 15.0000 55.7136
11 24.3311 54.3783 14.2127 32.8938 32.2025 41.4367 35.1710 23.0868 15.2315 48.5489 32.2490 0.0000 35.2278 42.1545 53.8516 28.2312 24.3311 14.3178 50.3289 32.0156 20.6155 24.3311 24.3311 14.3178 14.3178 50.3289 50.3289 32.0156 32.0156 20.6155 20.6155 24.3311
12 16.7631 19.2354 41.4849 31.0644 34.0000 18.4391 24.4131 27.1662 30.0167 61.0737 67.4166 35.2278 0.0000 37.3631 21.0000 63.1348 16.7631 44.2719 18.4391 40.1995 55.3173 16.7631 16.7631 44.2719 44.2719 18.4391 18.4391 40.1995 40.1995 55.3173 55.3173 16.7631
13 25.0000 45.5412 55.9017 9.4340 10.1980 22.0907 58.3095 53.7587 26.9258 28.1780 67.0000 42.1545 37.3631 0.0000 37.6431 65.1920 25.0000 56.4624 54.3323 14.5602 52.0000 25.0000 25.0000 56.4624 56.4624 54.3323 54.3323 14.5602 14.5602 52.0000 52.0000 25.0000
14 30.5287 9.8489 61.9839 36.3593 39.9625 16.6433 43.3244 48.0937 44.4072 65.5515 85.9069 53.8516 21.0000 37.6431 0.0000 82.0792 30.5287 64.5368 24.7588 47.1699 72.5603 30.5287 30.5287 64.5368 64.5368 24.7588 24.7588 47.1699 47.1699 72.5603 72.5603 30.5287
15 52.2015 82.3650 25.0000 57.0000 55.0818 69.1231 57.0088 44.0454 40.3113 60.0333 5.3852 28.2312 63.1348 65.1920 82.0792 0.0000 52.2015 21.4009 76.6942 51.7880 13.9284 52.2015 52.2015 21.4009 21.4009 76.6942 76.6942 51.7880 51.7880 13.9284 13.9284 52.2015
16 0.0000 33.3017 35.3553 16.5529 18.6815 17.1172 33.5410 29.0689 14.1421 45.0444 55.7136 24.3311 16.7631 25.0000 30.5287 52.2015 0.0000 37.0540 35.1710 24.0208 42.0595 0.0000 0.0000 37.0540 37.0540 35.1710 35.1710 24.0208 24.0208 42.0595 42.0595 0.0000
19 37.0540 63.3246 3.6056 47.1699 46.5188 54.0000 35.6090 22.6716 29.5466 61.0737 26.6271 14.3178 44.2719 56.4624 64.5368 21.4009 37.0540 0.0000 56.0357 46.0435 22.0000 37.0540 37.0540 0.0000 0.0000 56.0357 56.0357 46.0435 46.0435 22.0000 22.0000 37.0540
22 35.1710 15.8114 52.6972 49.0408 52.1536 32.9848 24.3311 34.4384 47.9270 79.3095 81.4678 50.3289 18.4391 54.3323 24.7588 76.6942 35.1710 56.0357 0.0000 58.5491 70.9366 35.1710 35.1710 56.0357 56.0357 0.0000 0.0000 58.5491 58.5491 70.9366 70.9366 35.1710
25 24.0208 53.3104 46.2277 10.8167 7.2111 30.5287 56.3205 48.7647 17.8045 21.0238 53.1507 32.0156 40.1995 14.5602 47.1699 51.7880 24.0208 46.0435 58.5491 0.0000 38.2099 24.0208 24.0208 46.0435 46.0435 58.5491 58.5491 0.0000 0.0000 38.2099 38.2099 24.0208
28 42.0595 74.2024 25.0799 44.2832 42.0476 58.3095 54.6260 41.7852 28.7924 46.3249 15.0000 20.6155 55.3173 52.0000 72.5603 13.9284 42.0595 22.0000 70.9366 38.2099 0.0000 42.0595 42.0595 22.0000 22.0000 70.9366 70.9366 38.2099 38.2099 0.0000 0.0000 42.0595
17 0.0000 33.3017 35.3553 16.5529 18.6815 17.1172 33.5410 29.0689 14.1421 45.0444 55.7136 24.3311 16.7631 25.0000 30.5287 52.2015 0.0000 37.0540 35.1710 24.0208 42.0595 0.0000 0.0000 37.0540 37.0540 35.1710 35.1710 24.0208 24.0208 42.0595 42.0595 0.0000
18 0.0000 33.3017 35.3553 16.5529 18.6815 17.1172 33.5410 29.0689 14.1421 45.0444 55.7136 24.3311 16.7631 25.0000 30.5287 52.2015 0.0000 37.0540 35.1710 24.0208 42.0595 0.0000 0.0000 37.0540 37.0540 35.1710 35.1710 24.0208 24.0208 42.0595 42.0595 0.0000
20 37.0540 63.3246 3.6056 47.1699 46.5188 54.0000 35.6090 22.6716 29.5466 61.0737 26.6271 14.3178 44.2719 56.4624 64.5368 21.4009 37.0540 0.0000 56.0357 46.0435 22.0000 37.0540 37.0540 0.0000 0.0000 56.0357 56.0357 46.0435 46.0435 22.0000 22.0000 37.0540
21 37.0540 63.3246 3.6056 47.1699 46.5188 54.0000 35.6090 22.6716 29.5466 61.0737 26.6271 14.3178 44.2719 56.4624 64.5368 21.4009 37.0540 0.0000 56.0357 46.0435 22.0000 37.0540 37.0540 0.0000 0.0000 56.0357 56.0357 46.0435 46.0435 22.0000 22.0000 37.0540
23 35.1710 15.8114 52.6972 49.0408 52.1536 32.9848 24.3311 34.4384 47.9270 79.3095 81.4678 50.3289 18.4391 54.3323 24.7588 76.6942 35.1710 56.0357 0.0000 58.5491 70.9366 35.1710 35.1710 56.0357 56.0357 0.0000 0.0000 58.5491 58.5491 70.9366 70.9366 35.1710
24 35.1710 15.8114 52.6972 49.0408 52.1536 32.9848 24.3311 34.4384 47.9270 79.3095 81.4678 50.3289 18.4391 54.3323 24.7588 76.6942 35.1710 56.0357 0.0000 58.5491 70.9366 35.1710 35.1710 56.0357 56.0357 0.0000 0.0000 58.5491 58.5491 70.9366 70.9366 35.1710
26 24.0208 53.3104 46.2277 10.8167 7.2111 30.5287 56.3205 48.7647 17.8045 21.0238 53.1507 32.0156 40.1995 14.5602 47.1699 51.7880 24.0208 46.0435 58.5491 0.0000 38.2099 24.0208 24.0208 46.0435 46.0435 58.5491 58.5491 0.0000 0.0000 38.2099 38.2099 24.0208
27 24.0208 53.3104 46.2277 10.8167 7.2111 30.5287 56.3205 48.7647 17.8045 21.0238 53.1507 32.0156 40.1995 14.5602 47.1699 51.7880 24.0208 46.0435 58.5491 0.0000 38.2099 24.0208 24.0208 46.0435 46.0435 58.5491 58.5491 0.0000 0.0000 38.2099 38.2099 24.0208
29 42.0595 74.2024 25.0799 44.2832 42.0476 58.3095 54.6260 41.7852 28.7924 46.3249 15.0000 20.6155 55.3173 52.0000 72.5603 13.9284 42.0595 22.0000 70.9366 38.2099 0.0000 42.0595 42.0595 22.0000 22.0000 70.9366 70.9366 38.2099 38.2099 0.0000 0.0000 42.0595
30 42.0595 74.2024 25.0799 44.2832 42.0476 58.3095 54.6260 41.7852 28.7924 46.3249 15.0000 20.6155 55.3173 52.0000 72.5603 13.9284 42.0595 22.0000 70.9366 38.2099 0.0000 42.0595 42.0595 22.0000 22.0000 70.9366 70.9366 38.2099 38.2099 0.0000 0.0000 42.0595
31 0.0000 33.3017 35.3553 16.5529 18.6815 17.1172 33.5410 29.0689 14.1421 45.0444 55.7136 24.3311 16.7631 25.0000 30.5287 52.2015 0.0000 37.0540 35.1710 24.0208 42.0595 0.0000 0.0000 37.0540 37.0540 35.1710 35.1710 24.0208 24.0208 42.0595 42.0595 0.0000
;

param t : 0 1 2 3 4 5 6 7 8 9 10 11 12 13 14 15 16 19 22 25 28 17 18 20 21 23 24 26 27 29 30 31 :=
0 0.0000 33.3017 35.3553 16.5529 18.6815 17.1172 33.5410 29.0689 14.1421 45.0444 55.7136 24.3311 16.7631 25.0000 30.5287 52.2015 0.0000 37.0540 35.1710 24.0208 42.0595 0.0000 0.0000 37.0540 37.0540 35.1710 35.1710 24.0208 24.0208 42.0595 42.0595 0.0000
1 33.3017 0.0000 60.4070 42.7200 46.2385 23.5372 37.3363 44.4072 47.4236 72.8011 86.6083 54.3783 19.2354 45.5412 9.8489 82.3650 33.3017 63.3246 15.8114 53.3104 74.2024 33.3017 33.3017 63.3246 63.3246 15.8114 15.8114 53.3104 53.3104 74.2024 74.2024 33.3017
2 35.3553 60.4070 0.0000 46.5188 46.1411 52.0865 32.0156 19.1050 29.1548 62.2013 30.2324 14.2127 41.4849 55.9017 61.9839 25.0000 35.3553 3.6056 52.6972 46.2277 25.0799 35.3553 35.3553 3.6056 3.6056 52.6972 52.6972 46.2277 46.2277 25.0799 25.0799 35.3553
3 16.5529 42.7200 46.5188 0.0000 3.6056 19.7231 50.0899 44.6878 17.7200 30.4138 59.2115 32.8938 31.0644 9.4340 36.3593 57.0000 16.5529 47.1699 49.0408 10.8167 44.2832 16.5529 16.5529 47.1699 47.1699 49.0408 49.0408 10.8167 10.8167 44.2832 44.2832 16.5529
4 18.6815 46.2385 46.1411 3.6056 0.0000 23.3238 52.0000 45.8039 17.0000 27.1662 57.0351 32.2025 34.0000 10.1980 39.9625 55.0818 18.6815 46.5188 52.1536 7.2111 42.0476 18.6815 18.6815 46.5188 46.5188 52.1536 52.1536 7.2111 7.2111 42.0476 42.0476 18.6815
5 17.1172 23.5372 52.0865 19.7231 23.3238 0.0000 42.5206 42.5441 29.5466 49.3356 72.4224 41.4367 18.4391 22.0907 16.6433 69.1231 17.1172 54.0000 32.9848 30.5287 58.3095 17.1172 17.1172 54.0000 54.0000 32.9848 32.9848 30.5287 30.5287 58.3095 58.3095 17.1172
6 33.5410 37.3363 32.0156 50.0899 52.0000 42.5206 0.0000 13.0384 40.3113 76.9025 62.2013 35.1710 24.4131 58.3095 43.3244 57.0088 33.5410 35.6090 24.3311 56.3205 54.6260 33.5410 33.5410 35.6090 35.6090 24.3311 24.3311 56.3205 56.3205 54.6260 54.6260 33.5410
7 29.0689 44.4072 19.1050 44.6878 45.8039 42.5441 13.0384 0.0000 31.3847 68.3520 49.2037 23.0868 27.1662 53.7587 48.0937 44.0454 29.0689 22.6716 34.4384 48.7647 41.7852 29.0689 29.0689 22.6716 22.6716 34.4384 34.4384 48.7647 48.7647 41.7852 41.7852 29.0689
8 14.1421 47.4236 29.1548 17.7200 17.0000 29.5466 40.3113 31.3847 0.0000 37.0000 43.1741 15.2315 30.0167 26.9258 44.4072 40.3113 14.1421 29.5466 47.9270 17.8045 28.7924 14.1421 14.1421 29.5466 29.5466 47.9270 47.9270 17.8045 17.8045 28.7924 28.7924 14.1421
9 45.0444 72.8011 62.2013 30.4138 27.1662 49.3356 76.9025 68.3520 37.0000 0.0000 59.5063 48.5489 61.0737 28.1780 65.5515 60.0333 45.0444 61.0737 79.3095 21.0238 46.3249 45.0444 45.0444 61.0737 61.0737 79.3095 79.3095 21.0238 21.0238 46.3249 46.3249 45.0444
10 55.7136 86.6083 30.2324 59.2115 57.0351 72.4224 62.2013 49.2037 43.1741 59.5063 0.0000 32.2490 67.4166 67.0000 85.9069 5.3852 55.7136 26.6271 81.4678 53.1507 15.0000 55.7136 55.7136 26.6271 26.6271 81.4678 81.4678 53.1507 53.1507 15.0000 15.0000 55.7136
11 24.3311 54.3783 14.2127 32.8938 32.2025 41.4367 35.1710 23.0868 15.2315 48.5489 32.2490 0.0000 35.2278 42.1545 53.8516 28.2312 24.3311 14.3178 50.3289 32.0156 20.6155 24.3311 24.3311 14.3178 14.3178 50.3289 50.3289 32.0156 32.0156 20.6155 20.6155 24.3311
12 16.7631 19.2354 41.4849 31.0644 34.0000 18.4391 24.4131 27.1662 30.0167 61.0737 67.4166 35.2278 0.0000 37.3631 21.0000 63.1348 16.7631 44.2719 18.4391 40.1995 55.3173 16.7631 16.7631 44.2719 44.2719 18.4391 18.4391 40.1995 40.1995 55.3173 55.3173 16.7631
13 25.0000 45.5412 55.9017 9.4340 10.1980 22.0907 58.3095 53.7587 26.9258 28.1780 67.0000 42.1545 37.3631 0.0000 37.6431 65.1920 25.0000 56.4624 54.3323 14.5602 52.0000 25.0000 25.0000 56.4624 56.4624 54.3323 54.3323 14.5602 14.5602 52.0000 52.0000 25.0000
14 30.5287 9.8489 61.9839 36.3593 39.9625 16.6433 43.3244 48.0937 44.4072 65.5515 85.9069 53.8516 21.0000 37.6431 0.0000 82.0792 30.5287 64.5368 24.7588 47.1699 72.5603 30.5287 30.5287 64.5368 64.5368 24.7588 24.7588 47.1699 47.1699 72.5603 72.5603 30.5287
15 52.2015 82.3650 25.0000 57.0000 55.0818 69.1231 57.0088 44.0454 40.3113 60.0333 5.3852 28.2312 63.1348 65.1920 82.0792 0.0000 52.2015 21.4009 76.6942 51.7880 13.9284 52.2015 52.2015 21.4009 21.4009 76.6942 76.6942 51.7880 51.7880 13.9284 13.9284 52.2015
16 0.0000 33.3017 35.3553 16.5529 18.6815 17.1172 33.5410 29.0689 14.1421 45.0444 55.7136 24.3311 16.7631 25.0000 30.5287 52.2015 0.0000 37.0540 35.1710 24.0208 42.0595 0.0000 0.0000 37.0540 37.0540 35.1710 35.1710 24.0208 24.0208 42.0595 42.0595 0.0000
19 37.0540 63.3246 3.6056 47.1699 46.5188 54.0000 35.6090 22.6716 29.5466 61.0737 26.6271 14.3178 44.2719 56.4624 64.5368 21.4009 37.0540 0.0000 56.0357 46.0435 22.0000 37.0540 37.0540 0.0000 0.0000 56.0357 56.0357 46.0435 46.0435 22.0000 22.0000 37.0540
22 35.1710 15.8114 52.6972 49.0408 52.1536 32.9848 24.3311 34.4384 47.9270 79.3095 81.4678 50.3289 18.4391 54.3323 24.7588 76.6942 35.1710 56.0357 0.0000 58.5491 70.9366 35.1710 35.1710 56.0357 56.0357 0.0000 0.0000 58.5491 58.5491 70.9366 70.9366 35.1710
25 24.0208 53.3104 46.2277 10.8167 7.2111 30.5287 56.3205 48.7647 17.8045 21.0238 53.1507 32.0156 40.1995 14.5602 47.1699 51.7880 24.0208 46.0435 58.5491 0.0000 38.2099 24.0208 24.0208 46.0435 46.0435 58.5491 58.5491 0.0000 0.0000 38.2099 38.2099 24.0208
28 42.0595 74.2024 25.0799 44.2832 42.0476 58.3095 54.6260 41.7852 28.7924 46.3249 15.0000 20.6155 55.3173 52.0000 72.5603 13.9284 42.0595 22.0000 70.9366 38.2099 0.0000 42.0595 42.0595 22.0000 22.0000 70.9366 70.9366 38.2099 38.2099 0.0000 0.0000 42.0595
17 0.0000 33.3017 35.3553 16.5529 18.6815 17.1172 33.5410 29.0689 14.1421 45.0444 55.7136 24.3311 16.7631 25.0000 30.5287 52.2015 0.0000 37.0540 35.1710 24.0208 42.0595 0.0000 0.0000 37.0540 37.0540 35.1710 35.1710 24.0208 24.0208 42.0595 42.0595 0.0000
18 0.0000 33.3017 35.3553 16.5529 18.6815 17.1172 33.5410 29.0689 14.1421 45.0444 55.7136 24.3311 16.7631 25.0000 30.5287 52.2015 0.0000 37.0540 35.1710 24.0208 42.0595 0.0000 0.0000 37.0540 37.0540 35.1710 35.1710 24.0208 24.0208 42.0595 42.0595 0.0000
20 37.0540 63.3246 3.6056 47.1699 46.5188 54.0000 35.6090 22.6716 29.5466 61.0737 26.6271 14.3178 44.2719 56.4624 64.5368 21.4009 37.0540 0.0000 56.0357 46.0435 22.0000 37.0540 37.0540 0.0000 0.0000 56.0357 56.0357 46.0435 46.0435 22.0000 22.0000 37.0540
21 37.0540 63.3246 3.6056 47.1699 46.5188 54.0000 35.6090 22.6716 29.5466 61.0737 26.6271 14.3178 44.2719 56.4624 64.5368 21.4009 37.0540 0.0000 56.0357 46.0435 22.0000 37.0540 37.0540 0.0000 0.0000 56.0357 56.0357 46.0435 46.0435 22.0000 22.0000 37.0540
23 35.1710 15.8114 52.6972 49.0408 52.1536 32.9848 24.3311 34.4384 47.9270 79.3095 81.4678 50.3289 18.4391 54.3323 24.7588 76.6942 35.1710 56.0357 0.0000 58.5491 70.9366 35.1710 35.1710 56.0357 56.0357 0.0000 0.0000 58.5491 58.5491 70.9366 70.9366 35.1710
24 35.1710 15.8114 52.6972 49.0408 52.1536 32.9848 24.3311 34.4384 47.9270 79.3095 81.4678 50.3289 18.4391 54.3323 24.7588 76.6942 35.1710 56.0357 0.0000 58.5491 70.9366 35.1710 35.1710 56.0357 56.0357 0.0000 0.0000 58.5491 58.5491 70.9366 70.9366 35.1710
26 24.0208 53.3104 46.2277 10.8167 7.2111 30.5287 56.3205 48.7647 17.8045 21.0238 53.1507 32.0156 40.1995 14.5602 47.1699 51.7880 24.0208 46.0435 58.5491 0.0000 38.2099 24.0208 24.0208 46.0435 46.0435 58.5491 58.5491 0.0000 0.0000 38.2099 38.2099 24.0208
27 24.0208 53.3104 46.2277 10.8167 7.2111 30.5287 56.3205 48.7647 17.8045 21.0238 53.1507 32.0156 40.1995 14.5602 47.1699 51.7880 24.0208 46.0435 58.5491 0.0000 38.2099 24.0208 24.0208 46.0435 46.0435 58.5491 58.5491 0.0000 0.0000 38.2099 38.2099 24.0208
29 42.0595 74.2024 25.0799 44.2832 42.0476 58.3095 54.6260 41.7852 28.7924 46.3249 15.0000 20.6155 55.3173 52.0000 72.5603 13.9284 42.0595 22.0000 70.9366 38.2099 0.0000 42.0595 42.0595 22.0000 22.0000 70.9366 70.9366 38.2099 38.2099 0.0000 0.0000 42.0595
30 42.0595 74.2024 25.0799 44.2832 42.0476 58.3095 54.6260 41.7852 28.7924 46.3249 15.0000 20.6155 55.3173 52.0000 72.5603 13.9284 42.0595 22.0000 70.9366 38.2099 0.0000 42.0595 42.0595 22.0000 22.0000 70.9366 70.9366 38.2099 38.2099 0.0000 0.0000 42.0595
31 0.0000 33.3017 35.3553 16.5529 18.6815 17.1172 33.5410 29.0689 14.1421 45.0444 55.7136 24.3311 16.7631 25.0000 30.5287 52.2015 0.0000 37.0540 35.1710 24.0208 42.0595 0.0000 0.0000 37.0540 37.0540 35.1710 35.1710 24.0208 24.0208 42.0595 42.0595 0.0000
;