set F_UNIQ := 16 19 22 25 28 31;
set F_NODES[16] := 16 17 18;
set F_NODES[19] := 19 20 21;
set F_NODES[22] := 22 23 24;
set F_NODES[25] := 25 26 27;
set F_NODES[28] := 28 29 30;
set F_NODES[31] := 31 32 33;
#definition

# set
set V := 1 2 3 4 5 6 7 8 9 10 11 12 13 14 15 ; 	# customer set
set F := 16 19 22 25 28 F21
17 18  
20 21  
23 24 
26 27 
29 30  
32 33 ;#recharging & battery swapping station
set D0 :=0;
set Dsig :=34;


# param
param CV := 200;    		# ECV fixed cost(Topic Given)
param C := 200;   		# ECV max load
param Q := 60.63; 		# ECV/BSV battery level
param h := 1;     		# ECV consumption

param CB := 267;    		# BSV fixed cost(Topic Given)
param Qplun := 5;       # BSV max load(battery)
param hplun := 1;     	# BSV consumption
param W :=121.26;		# BSV battery level

param Ct := 10 ;		# travel cost
param Cr := 100 ;		# recharging cost
param lamda := 0.00;	# battery swap time
param Cb ;  	    # battery swap cost(BSS/BSV)
param n :=15;	   		# number of customers
param g :=1.47 ;     	# the recharging rate of ECV 



# customer demend
param m :=
0 0
1 29
2 7
3 13
4 6
5 41
6 6
7 6
8 26
9 5
10 16
11 9
12 9
13 16
14 20
15 2
16 0
19 0
22 0
25 0
28 0
31 0
17 0
18 0
20 0
21 0
23 0
24 0
26 0
27 0
29 0
30 0
32 0
33 0
34 0;

param e :=
0 0
1 58
2 91
3 114
4 40
5 81
6 156
7 120
8 24
9 168
10 29
11 53
12 85
13 87
14 29
15 147
16 0
19 0
22 0
25 0
28 0
31 0
17 0
18 0
20 0
21 0
23 0
24 0
26 0
27 0
29 0
30 0
32 0
33 0
34 0;

param l :=
0 230
1 88
2 121
3 144
4 70
5 111
6 186
7 150
8 54
9 198
10 59
11 83
12 115
13 117
14 59
15 177
16 230
19 230
22 230
25 230
28 230
31 230
17 230
18 230
20 230
21 230
23 230
24 230
26 230
27 230
29 230
30 230
32 230
33 230
34 230;

param s :=
0 0
1 10
2 10
3 10
4 10
5 10
6 10
7 10
8 10
9 10
10 10
11 10
12 10
13 10
14 10
15 10
16 0
19 0
22 0
25 0
28 0
31 0
17 0
18 0
20 0
21 0
23 0
24 0
26 0
27 0
29 0
30 0
32 0
33 0
34 0;

param d : 0 1 2 3 4 5 6 7 8 9 10 11 12 13 14 15 16 19 22 25 28 31 17 18 20 21 23 24 26 27 29 30 32 33 34 :=
0 0.0000 36.0555 23.1948 16.9706 12.1655 23.0217 33.5410 29.2062 20.6155 21.0950 6.3246 29.8329 26.2488 32.0156 14.8661 30.4138 0.0000 29.0689 28.1780 19.1050 32.2490 33.1210 0.0000 0.0000 29.0689 29.0689 28.1780 28.1780 19.1050 19.1050 32.2490 32.2490 33.1210 33.1210 0.0000
1 36.0555 0.0000 24.0416 42.7551 45.6946 42.5441 18.0278 7.2801 47.1699 54.0833 34.9285 38.0789 58.8982 55.0000 35.5106 55.9017 36.0555 33.2415 55.4437 38.0132 4.4721 16.6433 36.0555 36.0555 33.2415 33.2415 55.4437 55.4437 38.0132 38.0132 4.4721 4.4721 16.6433 16.6433 36.0555
2 23.1948 24.0416 0.0000 38.0789 35.3553 18.8680 33.9559 21.0000 24.7588 44.2832 26.5707 43.8634 38.0132 53.2259 13.8924 32.4500 23.1948 40.6079 50.5964 14.8661 19.6469 32.7567 23.1948 23.1948 40.6079 40.6079 50.5964 50.5964 14.8661 14.8661 19.6469 19.6469 32.7567 32.7567 23.1948
3 16.9706 42.7551 38.0789 0.0000 10.0000 39.8246 32.4500 35.5106 36.2353 13.4536 11.6619 17.7200 37.2156 15.2643 31.8277 45.3100 16.9706 19.7231 13.0384 36.0694 40.1995 32.7567 16.9706 16.9706 19.7231 19.7231 13.0384 13.0384 36.0694 36.0694 40.1995 40.1995 32.7567 32.7567 16.9706
4 12.1655 45.6946 35.3553 10.0000 0.0000 32.6497 38.8973 38.4838 27.8029 9.0000 10.7703 27.4591 27.2947 22.2036 25.9422 36.2353 12.1655 28.7924 17.0294 29.6816 42.3792 38.8973 12.1655 12.1655 28.7924 28.7924 17.0294 17.0294 29.6816 29.6816 42.3792 42.3792 38.8973 38.8973 12.1655
5 23.0217 42.5441 18.8680 39.8246 32.6497 0.0000 49.0408 38.3275 8.0623 39.9625 29.1548 52.0000 21.8403 54.4518 9.2195 13.6015 23.0217 50.2892 49.6790 5.0000 38.0789 48.0937 23.0217 23.0217 50.2892 50.2892 49.6790 49.6790 5.0000 5.0000 38.0789 38.0789 48.0937 48.0937 23.0217
6 33.5410 18.0278 33.9559 32.4500 38.8973 49.0408 0.0000 14.4222 50.9902 45.6070 29.4109 22.0227 59.6154 41.2311 40.1995 60.8276 33.5410 17.0294 43.4626 44.0454 19.1050 1.4142 33.5410 33.5410 17.0294 17.0294 43.4626 43.4626 44.0454 44.0454 19.1050 19.1050 1.4142 1.4142 33.5410
7 29.2062 7.2801 21.0000 35.5106 38.4838 38.3275 14.4222 0.0000 42.0476 46.8188 27.7308 31.9531 53.0094 48.0416 30.4631 51.2640 29.2062 27.3130 48.2597 33.5261 5.3852 13.0384 29.2062 29.2062 27.3130 27.3130 48.2597 48.2597 33.5261 33.5261 5.3852 5.3852 13.0384 13.0384 29.2062
8 20.6155 47.1699 24.7588 36.2353 27.8029 8.0623 50.9902 42.0476 0.0000 34.0588 26.9258 50.4480 13.9284 50.0000 11.6619 10.0000 20.6155 49.4975 44.5982 10.0000 42.7200 50.2195 20.6155 20.6155 49.4975 49.4975 44.5982 44.5982 10.0000 10.0000 42.7200 42.7200 50.2195 50.2195 20.6155
9 21.0950 54.0833 44.2832 13.4536 9.0000 39.9625 45.6070 46.8188 34.0588 0.0000 19.4165 30.4138 29.9666 18.4391 34.1760 41.2311 21.0950 33.0151 11.7047 37.5766 50.9608 45.8039 21.0950 21.0950 33.0151 33.0151 11.7047 11.7047 37.5766 37.5766 50.9608 50.9608 45.8039 45.8039 21.0950
10 6.3246 34.9285 26.5707 11.6619 10.7703 29.1548 29.4109 27.7308 26.9258 19.4165 0.0000 23.5372 31.5753 26.9258 20.6155 36.6742 6.3246 23.0000 24.0416 25.0000 31.6228 29.2062 6.3246 6.3246 23.0000 23.0000 24.0416 24.0416 25.0000 25.0000 31.6228 31.6228 29.2062 29.2062 6.3246
11 29.8329 38.0789 43.8634 17.7200 27.4591 52.0000 22.0227 31.9531 50.4480 30.4138 23.5372 0.0000 54.0093 20.1246 42.9535 60.2080 29.8329 5.0000 24.0832 47.4236 37.3363 23.0000 29.8329 29.8329 5.0000 5.0000 24.0832 24.0832 47.4236 47.4236 37.3363 37.3363 23.0000 23.0000 29.8329
12 26.2488 58.8982 38.0132 37.2156 27.2947 21.8403 59.6154 53.0094 13.9284 29.9666 31.5753 54.0093 0.0000 48.1041 24.2074 13.9284 26.2488 54.3323 41.6293 23.7065 54.5619 59.0931 26.2488 26.2488 54.3323 54.3323 41.6293 41.6293 23.7065 23.7065 54.5619 54.5619 59.0931 59.0931 26.2488
13 32.0156 55.0000 53.2259 15.2643 22.2036 54.4518 41.2311 48.0416 50.0000 18.4391 26.9258 20.1246 48.1041 0.0000 46.8615 58.3095 32.0156 24.6982 7.0000 50.9902 53.1507 41.9762 32.0156 32.0156 24.6982 24.6982 7.0000 7.0000 50.9902 50.9902 53.1507 53.1507 41.9762 41.9762 32.0156
14 14.8661 35.5106 13.8924 31.8277 25.9422 9.2195 40.1995 30.4631 11.6619 34.1760 20.6155 42.9535 24.2074 46.8615 0.0000 20.8806 14.8661 41.1096 42.7200 4.4721 31.0644 39.3192 14.8661 14.8661 41.1096 41.1096 42.7200 42.7200 4.4721 4.4721 31.0644 31.0644 39.3192 39.3192 14.8661
15 30.4138 55.9017 32.4500 45.3100 36.2353 13.6015 60.8276 51.2640 10.0000 41.2311 36.6742 60.2080 13.9284 58.3095 20.8806 0.0000 30.4138 59.4138 52.4309 17.8885 51.4296 60.0167 30.4138 30.4138 59.4138 59.4138 52.4309 52.4309 17.8885 17.8885 51.4296 51.4296 60.0167 60.0167 30.4138
16 0.0000 36.0555 23.1948 16.9706 12.1655 23.0217 33.5410 29.2062 20.6155 21.0950 6.3246 29.8329 26.2488 32.0156 14.8661 30.4138 0.0000 29.0689 28.1780 19.1050 32.2490 33.1210 0.0000 0.0000 29.0689 29.0689 28.1780 28.1780 19.1050 19.1050 32.2490 32.2490 33.1210 33.1210 0.0000
19 29.0689 33.2415 40.6079 19.7231 28.7924 50.2892 17.0294 27.3130 49.4975 33.0151 23.0000 5.0000 54.3323 24.6982 41.1096 59.4138 29.0689 0.0000 28.0179 45.5412 32.6956 18.0000 29.0689 29.0689 0.0000 0.0000 28.0179 28.0179 45.5412 45.5412 32.6956 32.6956 18.0000 18.0000 29.0689
22 28.1780 55.4437 50.5964 13.0384 17.0294 49.6790 43.4626 48.2597 44.5982 11.7047 24.0416 24.0832 41.6293 7.0000 42.7200 52.4309 28.1780 28.0179 0.0000 46.6154 53.0848 44.0114 28.1780 28.1780 28.0179 28.0179 0.0000 0.0000 46.6154 46.6154 53.0848 53.0848 44.0114 44.0114 28.1780
25 19.1050 38.0132 14.8661 36.0694 29.6816 5.0000 44.0454 33.5261 10.0000 37.5766 25.0000 47.4236 23.7065 50.9902 4.4721 17.8885 19.1050 45.5412 46.6154 0.0000 33.5410 43.1045 19.1050 19.1050 45.5412 45.5412 46.6154 46.6154 0.0000 0.0000 33.5410 33.5410 43.1045 43.1045 19.1050
28 32.2490 4.4721 19.6469 40.1995 42.3792 38.0789 19.1050 5.3852 42.7200 50.9608 31.6228 37.3363 54.5619 53.1507 31.0644 51.4296 32.2490 32.6956 53.0848 33.5410 0.0000 17.6918 32.2490 32.2490 32.6956 32.6956 53.0848 53.0848 33.5410 33.5410 0.0000 0.0000 17.6918 17.6918 32.2490
31 33.1210 16.6433 32.7567 32.7567 38.8973 48.0937 1.4142 13.0384 50.2195 45.8039 29.2062 23.0000 59.0931 41.9762 39.3192 60.0167 33.1210 18.0000 44.0114 43.1045 17.6918 0.0000 33.1210 33.1210 18.0000 18.0000 44.0114 44.0114 43.1045 43.1045 17.6918 17.6918 0.0000 0.0000 33.1210
17 0.0000 36.0555 23.1948 16.9706 12.1655 23.0217 33.5410 29.2062 20.6155 21.0950 6.3246 29.8329 26.2488 32.0156 14.8661 30.4138 0.0000 29.0689 28.1780 19.1050 32.2490 33.1210 0.0000 0.0000 29.0689 29.0689 28.1780 28.1780 19.1050 19.1050 32.2490 32.2490 33.1210 33.1210 0.0000
18 0.0000 36.0555 23.1948 16.9706 12.1655 23.0217 33.5410 29.2062 20.6155 21.0950 6.3246 29.8329 26.2488 32.0156 14.8661 30.4138 0.0000 29.0689 28.1780 19.1050 32.2490 33.1210 0.0000 0.0000 29.0689 29.0689 28.1780 28.1780 19.1050 19.1050 32.2490 32.2490 33.1210 33.1210 0.0000
20 29.0689 33.2415 40.6079 19.7231 28.7924 50.2892 17.0294 27.3130 49.4975 33.0151 23.0000 5.0000 54.3323 24.6982 41.1096 59.4138 29.0689 0.0000 28.0179 45.5412 32.6956 18.0000 29.0689 29.0689 0.0000 0.0000 28.0179 28.0179 45.5412 45.5412 32.6956 32.6956 18.0000 18.0000 29.0689
21 29.0689 33.2415 40.6079 19.7231 28.7924 50.2892 17.0294 27.3130 49.4975 33.0151 23.0000 5.0000 54.3323 24.6982 41.1096 59.4138 29.0689 0.0000 28.0179 45.5412 32.6956 18.0000 29.0689 29.0689 0.0000 0.0000 28.0179 28.0179 45.5412 45.5412 32.6956 32.6956 18.0000 18.0000 29.0689
23 28.1780 55.4437 50.5964 13.0384 17.0294 49.6790 43.4626 48.2597 44.5982 11.7047 24.0416 24.0832 41.6293 7.0000 42.7200 52.4309 28.1780 28.0179 0.0000 46.6154 53.0848 44.0114 28.1780 28.1780 28.0179 28.0179 0.0000 0.0000 46.6154 46.6154 53.0848 53.0848 44.0114 44.0114 28.1780
24 28.1780 55.4437 50.5964 13.0384 17.0294 49.6790 43.4626 48.2597 44.5982 11.7047 24.0416 24.0832 41.6293 7.0000 42.7200 52.4309 28.1780 28.0179 0.0000 46.6154 53.0848 44.0114 28.1780 28.1780 28.0179 28.0179 0.0000 0.0000 46.6154 46.6154 53.0848 53.0848 44.0114 44.0114 28.1780
26 19.1050 38.0132 14.8661 36.0694 29.6816 5.0000 44.0454 33.5261 10.0000 37.5766 25.0000 47.4236 23.7065 50.9902 4.4721 17.8885 19.1050 45.5412 46.6154 0.0000 33.5410 43.1045 19.1050 19.1050 45.5412 45.5412 46.6154 46.6154 0.0000 0.0000 33.5410 33.5410 43.1045 43.1045 19.1050
27 19.1050 38.0132 14.8661 36.0694 29.6816 5.0000 44.0454 33.5261 10.0000 37.5766 25.0000 47.4236 23.7065 50.9902 4.4721 17.8885 19.1050 45.5412 46.6154 0.0000 33.5410 43.1045 19.1050 19.1050 45.5412 45.5412 46.6154 46.6154 0.0000 0.0000 33.5410 33.5410 43.1045 43.1045 19.1050
29 32.2490 4.4721 19.6469 40.1995 42.3792 38.0789 19.1050 5.3852 42.7200 50.9608 31.6228 37.3363 54.5619 53.1507 31.0644 51.4296 32.2490 32.6956 53.0848 33.5410 0.0000 17.6918 32.2490 32.2490 32.6956 32.6956 53.0848 53.0848 33.5410 33.5410 0.0000 0.0000 17.6918 17.6918 32.2490
30 32.2490 4.4721 19.6469 40.1995 42.3792 38.0789 19.1050 5.3852 42.7200 50.9608 31.6228 37.3363 54.5619 53.1507 31.0644 51.4296 32.2490 32.6956 53.0848 33.5410 0.0000 17.6918 32.2490 32.2490 32.6956 32.6956 53.0848 53.0848 33.5410 33.5410 0.0000 0.0000 17.6918 17.6918 32.2490
32 33.1210 16.6433 32.7567 32.7567 38.8973 48.0937 1.4142 13.0384 50.2195 45.8039 29.2062 23.0000 59.0931 41.9762 39.3192 60.0167 33.1210 18.0000 44.0114 43.1045 17.6918 0.0000 33.1210 33.1210 18.0000 18.0000 44.0114 44.0114 43.1045 43.1045 17.6918 17.6918 0.0000 0.0000 33.1210
33 33.1210 16.6433 32.7567 32.7567 38.8973 48.0937 1.4142 13.0384 50.2195 45.8039 29.2062 23.0000 59.0931 41.9762 39.3192 60.0167 33.1210 18.0000 44.0114 43.1045 17.6918 0.0000 33.1210 33.1210 18.0000 18.0000 44.0114 44.0114 43.1045 43.1045 17.6918 17.6918 0.0000 0.0000 33.1210
34 0.0000 36.0555 23.1948 16.9706 12.1655 23.0217 33.5410 29.2062 20.6155 21.0950 6.3246 29.8329 26.2488 32.0156 14.8661 30.4138 0.0000 29.0689 28.1780 19.1050 32.2490 33.1210 0.0000 0.0000 29.0689 29.0689 28.1780 28.1780 19.1050 19.1050 32.2490 32.2490 33.1210 33.1210 0.0000
;

param t : 0 1 2 3 4 5 6 7 8 9 10 11 12 13 14 15 16 19 22 25 28 31 17 18 20 21 23 24 26 27 29 30 32 33 34 :=
0 0.0000 36.0555 23.1948 16.9706 12.1655 23.0217 33.5410 29.2062 20.6155 21.0950 6.3246 29.8329 26.2488 32.0156 14.8661 30.4138 0.0000 29.0689 28.1780 19.1050 32.2490 33.1210 0.0000 0.0000 29.0689 29.0689 28.1780 28.1780 19.1050 19.1050 32.2490 32.2490 33.1210 33.1210 0.0000
1 36.0555 0.0000 24.0416 42.7551 45.6946 42.5441 18.0278 7.2801 47.1699 54.0833 34.9285 38.0789 58.8982 55.0000 35.5106 55.9017 36.0555 33.2415 55.4437 38.0132 4.4721 16.6433 36.0555 36.0555 33.2415 33.2415 55.4437 55.4437 38.0132 38.0132 4.4721 4.4721 16.6433 16.6433 36.0555
2 23.1948 24.0416 0.0000 38.0789 35.3553 18.8680 33.9559 21.0000 24.7588 44.2832 26.5707 43.8634 38.0132 53.2259 13.8924 32.4500 23.1948 40.6079 50.5964 14.8661 19.6469 32.7567 23.1948 23.1948 40.6079 40.6079 50.5964 50.5964 14.8661 14.8661 19.6469 19.6469 32.7567 32.7567 23.1948
3 16.9706 42.7551 38.0789 0.0000 10.0000 39.8246 32.4500 35.5106 36.2353 13.4536 11.6619 17.7200 37.2156 15.2643 31.8277 45.3100 16.9706 19.7231 13.0384 36.0694 40.1995 32.7567 16.9706 16.9706 19.7231 19.7231 13.0384 13.0384 36.0694 36.0694 40.1995 40.1995 32.7567 32.7567 16.9706
4 12.1655 45.6946 35.3553 10.0000 0.0000 32.6497 38.8973 38.4838 27.8029 9.0000 10.7703 27.4591 27.2947 22.2036 25.9422 36.2353 12.1655 28.7924 17.0294 29.6816 42.3792 38.8973 12.1655 12.1655 28.7924 28.7924 17.0294 17.0294 29.6816 29.6816 42.3792 42.3792 38.8973 38.8973 12.1655
5 23.0217 42.5441 18.8680 39.8246 32.6497 0.0000 49.0408 38.3275 8.0623 39.9625 29.1548 52.0000 21.8403 54.4518 9.2195 13.6015 23.0217 50.2892 49.6790 5.0000 38.0789 48.0937 23.0217 23.0217 50.2892 50.2892 49.6790 49.6790 5.0000 5.0000 38.0789 38.0789 48.0937 48.0937 23.0217
6 33.5410 18.0278 33.9559 32.4500 38.8973 49.0408 0.0000 14.4222 50.9902 45.6070 29.4109 22.0227 59.6154 41.2311 40.1995 60.8276 33.5410 17.0294 43.4626 44.0454 19.1050 1.4142 33.5410 33.5410 17.0294 17.0294 43.4626 43.4626 44.0454 44.0454 19.1050 19.1050 1.4142 1.4142 33.5410
7 29.2062 7.2801 21.0000 35.5106 38.4838 38.3275 14.4222 0.0000 42.0476 46.8188 27.7308 31.9531 53.0094 48.0416 30.4631 51.2640 29.2062 27.3130 48.2597 33.5261 5.3852 13.0384 29.2062 29.2062 27.3130 27.3130 48.2597 48.2597 33.5261 33.5261 5.3852 5.3852 13.0384 13.0384 29.2062
8 20.6155 47.1699 24.7588 36.2353 27.8029 8.0623 50.9902 42.0476 0.0000 34.0588 26.9258 50.4480 13.9284 50.0000 11.6619 10.0000 20.6155 49.4975 44.5982 10.0000 42.7200 50.2195 20.6155 20.6155 49.4975 49.4975 44.5982 44.5982 10.0000 10.0000 42.7200 42.7200 50.2195 50.2195 20.6155
9 21.0950 54.0833 44.2832 13.4536 9.0000 39.9625 45.6070 46.8188 34.0588 0.0000 19.4165 30.4138 29.9666 18.4391 34.1760 41.2311 21.0950 33.0151 11.7047 37.5766 50.9608 45.8039 21.0950 21.0950 33.0151 33.0151 11.7047 11.7047 37.5766 37.5766 50.9608 50.9608 45.8039 45.8039 21.0950
10 6.3246 34.9285 26.5707 11.6619 10.7703 29.1548 29.4109 27.7308 26.9258 19.4165 0.0000 23.5372 31.5753 26.9258 20.6155 36.6742 6.3246 23.0000 24.0416 25.0000 31.6228 29.2062 6.3246 6.3246 23.0000 23.0000 24.0416 24.0416 25.0000 25.0000 31.6228 31.6228 29.2062 29.2062 6.3246
11 29.8329 38.0789 43.8634 17.7200 27.4591 52.0000 22.0227 31.9531 50.4480 30.4138 23.5372 0.0000 54.0093 20.1246 42.9535 60.2080 29.8329 5.0000 24.0832 47.4236 37.3363 23.0000 29.8329 29.8329 5.0000 5.0000 24.0832 24.0832 47.4236 47.4236 37.3363 37.3363 23.0000 23.0000 29.8329
12 26.2488 58.8982 38.0132 37.2156 27.2947 21.8403 59.6154 53.0094 13.9284 29.9666 31.5753 54.0093 0.0000 48.1041 24.2074 13.9284 26.2488 54.3323 41.6293 23.7065 54.5619 59.0931 26.2488 26.2488 54.3323 54.3323 41.6293 41.6293 23.7065 23.7065 54.5619 54.5619 59.0931 59.0931 26.2488
13 32.0156 55.0000 53.2259 15.2643 22.2036 54.4518 41.2311 48.0416 50.0000 18.4391 26.9258 20.1246 48.1041 0.0000 46.8615 58.3095 32.0156 24.6982 7.0000 50.9902 53.1507 41.9762 32.0156 32.0156 24.6982 24.6982 7.0000 7.0000 50.9902 50.9902 53.1507 53.1507 41.9762 41.9762 32.0156
14 14.8661 35.5106 13.8924 31.8277 25.9422 9.2195 40.1995 30.4631 11.6619 34.1760 20.6155 42.9535 24.2074 46.8615 0.0000 20.8806 14.8661 41.1096 42.7200 4.4721 31.0644 39.3192 14.8661 14.8661 41.1096 41.1096 42.7200 42.7200 4.4721 4.4721 31.0644 31.0644 39.3192 39.3192 14.8661
15 30.4138 55.9017 32.4500 45.3100 36.2353 13.6015 60.8276 51.2640 10.0000 41.2311 36.6742 60.2080 13.9284 58.3095 20.8806 0.0000 30.4138 59.4138 52.4309 17.8885 51.4296 60.0167 30.4138 30.4138 59.4138 59.4138 52.4309 52.4309 17.8885 17.8885 51.4296 51.4296 60.0167 60.0167 30.4138
16 0.0000 36.0555 23.1948 16.9706 12.1655 23.0217 33.5410 29.2062 20.6155 21.0950 6.3246 29.8329 26.2488 32.0156 14.8661 30.4138 0.0000 29.0689 28.1780 19.1050 32.2490 33.1210 0.0000 0.0000 29.0689 29.0689 28.1780 28.1780 19.1050 19.1050 32.2490 32.2490 33.1210 33.1210 0.0000
19 29.0689 33.2415 40.6079 19.7231 28.7924 50.2892 17.0294 27.3130 49.4975 33.0151 23.0000 5.0000 54.3323 24.6982 41.1096 59.4138 29.0689 0.0000 28.0179 45.5412 32.6956 18.0000 29.0689 29.0689 0.0000 0.0000 28.0179 28.0179 45.5412 45.5412 32.6956 32.6956 18.0000 18.0000 29.0689
22 28.1780 55.4437 50.5964 13.0384 17.0294 49.6790 43.4626 48.2597 44.5982 11.7047 24.0416 24.0832 41.6293 7.0000 42.7200 52.4309 28.1780 28.0179 0.0000 46.6154 53.0848 44.0114 28.1780 28.1780 28.0179 28.0179 0.0000 0.0000 46.6154 46.6154 53.0848 53.0848 44.0114 44.0114 28.1780
25 19.1050 38.0132 14.8661 36.0694 29.6816 5.0000 44.0454 33.5261 10.0000 37.5766 25.0000 47.4236 23.7065 50.9902 4.4721 17.8885 19.1050 45.5412 46.6154 0.0000 33.5410 43.1045 19.1050 19.1050 45.5412 45.5412 46.6154 46.6154 0.0000 0.0000 33.5410 33.5410 43.1045 43.1045 19.1050
28 32.2490 4.4721 19.6469 40.1995 42.3792 38.0789 19.1050 5.3852 42.7200 50.9608 31.6228 37.3363 54.5619 53.1507 31.0644 51.4296 32.2490 32.6956 53.0848 33.5410 0.0000 17.6918 32.2490 32.2490 32.6956 32.6956 53.0848 53.0848 33.5410 33.5410 0.0000 0.0000 17.6918 17.6918 32.2490
31 33.1210 16.6433 32.7567 32.7567 38.8973 48.0937 1.4142 13.0384 50.2195 45.8039 29.2062 23.0000 59.0931 41.9762 39.3192 60.0167 33.1210 18.0000 44.0114 43.1045 17.6918 0.0000 33.1210 33.1210 18.0000 18.0000 44.0114 44.0114 43.1045 43.1045 17.6918 17.6918 0.0000 0.0000 33.1210
17 0.0000 36.0555 23.1948 16.9706 12.1655 23.0217 33.5410 29.2062 20.6155 21.0950 6.3246 29.8329 26.2488 32.0156 14.8661 30.4138 0.0000 29.0689 28.1780 19.1050 32.2490 33.1210 0.0000 0.0000 29.0689 29.0689 28.1780 28.1780 19.1050 19.1050 32.2490 32.2490 33.1210 33.1210 0.0000
18 0.0000 36.0555 23.1948 16.9706 12.1655 23.0217 33.5410 29.2062 20.6155 21.0950 6.3246 29.8329 26.2488 32.0156 14.8661 30.4138 0.0000 29.0689 28.1780 19.1050 32.2490 33.1210 0.0000 0.0000 29.0689 29.0689 28.1780 28.1780 19.1050 19.1050 32.2490 32.2490 33.1210 33.1210 0.0000
20 29.0689 33.2415 40.6079 19.7231 28.7924 50.2892 17.0294 27.3130 49.4975 33.0151 23.0000 5.0000 54.3323 24.6982 41.1096 59.4138 29.0689 0.0000 28.0179 45.5412 32.6956 18.0000 29.0689 29.0689 0.0000 0.0000 28.0179 28.0179 45.5412 45.5412 32.6956 32.6956 18.0000 18.0000 29.0689
21 29.0689 33.2415 40.6079 19.7231 28.7924 50.2892 17.0294 27.3130 49.4975 33.0151 23.0000 5.0000 54.3323 24.6982 41.1096 59.4138 29.0689 0.0000 28.0179 45.5412 32.6956 18.0000 29.0689 29.0689 0.0000 0.0000 28.0179 28.0179 45.5412 45.5412 32.6956 32.6956 18.0000 18.0000 29.0689
23 28.1780 55.4437 50.5964 13.0384 17.0294 49.6790 43.4626 48.2597 44.5982 11.7047 24.0416 24.0832 41.6293 7.0000 42.7200 52.4309 28.1780 28.0179 0.0000 46.6154 53.0848 44.0114 28.1780 28.1780 28.0179 28.0179 0.0000 0.0000 46.6154 46.6154 53.0848 53.0848 44.0114 44.0114 28.1780
24 28.1780 55.4437 50.5964 13.0384 17.0294 49.6790 43.4626 48.2597 44.5982 11.7047 24.0416 24.0832 41.6293 7.0000 42.7200 52.4309 28.1780 28.0179 0.0000 46.6154 53.0848 44.0114 28.1780 28.1780 28.0179 28.0179 0.0000 0.0000 46.6154 46.6154 53.0848 53.0848 44.0114 44.0114 28.1780
26 19.1050 38.0132 14.8661 36.0694 29.6816 5.0000 44.0454 33.5261 10.0000 37.5766 25.0000 47.4236 23.7065 50.9902 4.4721 17.8885 19.1050 45.5412 46.6154 0.0000 33.5410 43.1045 19.1050 19.1050 45.5412 45.5412 46.6154 46.6154 0.0000 0.0000 33.5410 33.5410 43.1045 43.1045 19.1050
27 19.1050 38.0132 14.8661 36.0694 29.6816 5.0000 44.0454 33.5261 10.0000 37.5766 25.0000 47.4236 23.7065 50.9902 4.4721 17.8885 19.1050 45.5412 46.6154 0.0000 33.5410 43.1045 19.1050 19.1050 45.5412 45.5412 46.6154 46.6154 0.0000 0.0000 33.5410 33.5410 43.1045 43.1045 19.1050
29 32.2490 4.4721 19.6469 40.1995 42.3792 38.0789 19.1050 5.3852 42.7200 50.9608 31.6228 37.3363 54.5619 53.1507 31.0644 51.4296 32.2490 32.6956 53.0848 33.5410 0.0000 17.6918 32.2490 32.2490 32.6956 32.6956 53.0848 53.0848 33.5410 33.5410 0.0000 0.0000 17.6918 17.6918 32.2490
30 32.2490 4.4721 19.6469 40.1995 42.3792 38.0789 19.1050 5.3852 42.7200 50.9608 31.6228 37.3363 54.5619 53.1507 31.0644 51.4296 32.2490 32.6956 53.0848 33.5410 0.0000 17.6918 32.2490 32.2490 32.6956 32.6956 53.0848 53.0848 33.5410 33.5410 0.0000 0.0000 17.6918 17.6918 32.2490
32 33.1210 16.6433 32.7567 32.7567 38.8973 48.0937 1.4142 13.0384 50.2195 45.8039 29.2062 23.0000 59.0931 41.9762 39.3192 60.0167 33.1210 18.0000 44.0114 43.1045 17.6918 0.0000 33.1210 33.1210 18.0000 18.0000 44.0114 44.0114 43.1045 43.1045 17.6918 17.6918 0.0000 0.0000 33.1210
33 33.1210 16.6433 32.7567 32.7567 38.8973 48.0937 1.4142 13.0384 50.2195 45.8039 29.2062 23.0000 59.0931 41.9762 39.3192 60.0167 33.1210 18.0000 44.0114 43.1045 17.6918 0.0000 33.1210 33.1210 18.0000 18.0000 44.0114 44.0114 43.1045 43.1045 17.6918 17.6918 0.0000 0.0000 33.1210
34 0.0000 36.0555 23.1948 16.9706 12.1655 23.0217 33.5410 29.2062 20.6155 21.0950 6.3246 29.8329 26.2488 32.0156 14.8661 30.4138 0.0000 29.0689 28.1780 19.1050 32.2490 33.1210 0.0000 0.0000 29.0689 29.0689 28.1780 28.1780 19.1050 19.1050 32.2490 32.2490 33.1210 33.1210 0.0000
;