F_UNIQ := 16 19 22 25 28 31;
F_NODES[16] := 16 17 18;
F_NODES[19] := 19 20 21;
F_NODES[22] := 22 23 24;
F_NODES[25] := 25 26 27;
F_NODES[28] := 28 29 30;
F_NODES[31] := 31 32 33;
#definition

# set
set V := 1 2 3 4 5 6 7 8 9 10 11 12 13 14 15 ; 	# customer set
set F := 16 19 22 25 28 F21
17 18  
20 21  
23 24 
26 27 
29 30  
32 33 ;#recharging & battery swapping station
set D0 :=0;
set Dsig :=34;


# param
param CV := 200;    		# ECV fixed cost(Topic Given)
param C := 1000;   		# ECV max load
param Q := 60.63; 		# ECV/BSV battery level
param h := 1;     		# ECV consumption

param CB := 267;    		# BSV fixed cost(Topic Given)
param Qplun := 5;       # BSV max load(battery)
param hplun := 1;     	# BSV consumption
param W :=121.26;		# BSV battery level

param Ct := 10 ;		# travel cost
param Cr := 100 ;		# recharging cost
param lamda := 0.00;	# battery swap time
param Cb ;  	    # battery swap cost(BSS/BSV)
param n :=15;	   		# number of customers
param g :=1.47 ;     	# the recharging rate of ECV 



# customer demend
param m :=
0 0
1 23
2 18
3 29
4 16
5 6
6 5
7 5
8 41
9 26
10 1
11 13
12 36
13 5
14 25
15 12
16 0
19 0
22 0
25 0
28 0
31 0
17 0
18 0
20 0
21 0
23 0
24 0
26 0
27 0
29 0
30 0
32 0
33 0
34 0;

param e :=
0 0
1 388
2 233
3 206
4 302
5 817
6 396
7 788
8 0
9 420
10 515
11 290
12 0
13 25
14 0
15 206
16 0
19 0
22 0
25 0
28 0
31 0
17 0
18 0
20 0
21 0
23 0
24 0
26 0
27 0
29 0
30 0
32 0
33 0
34 0;

param l :=
0 1000
1 465
2 340
3 325
4 405
5 956
6 511
7 968
8 966
9 447
10 628
11 377
12 962
13 172
14 967
15 325
16 1000
19 1000
22 1000
25 1000
28 1000
31 1000
17 1000
18 1000
20 1000
21 1000
23 1000
24 1000
26 1000
27 1000
29 1000
30 1000
32 1000
33 1000
34 1000;

param s :=
0 0
1 10
2 10
3 10
4 10
5 10
6 10
7 10
8 10
9 10
10 10
11 10
12 10
13 10
14 10
15 10
16 0
19 0
22 0
25 0
28 0
31 0
17 0
18 0
20 0
21 0
23 0
24 0
26 0
27 0
29 0
30 0
32 0
33 0
34 0;

param d : 0 1 2 3 4 5 6 7 8 9 10 11 12 13 14 15 16 19 22 25 28 31 17 18 20 21 23 24 26 27 29 30 32 33 34 :=
0 0.0000 25.5539 31.8904 36.0555 42.4264 33.5410 28.8617 21.0950 23.0217 18.3848 35.4683 25.4951 27.8029 25.4951 22.4722 33.5410 0.0000 27.8927 21.1896 19.1050 19.0263 33.1210 0.0000 0.0000 27.8927 27.8927 21.1896 21.1896 19.1050 19.1050 19.0263 19.0263 33.1210 33.1210 0.0000
1 25.5539 0.0000 57.2014 43.0465 67.4759 29.1204 43.6578 21.5407 48.5489 41.7253 55.0000 51.0000 44.1814 48.8365 33.5261 40.7185 25.5539 32.2025 42.4264 44.4072 39.4081 29.8329 25.5539 25.5539 32.2025 32.2025 42.4264 42.4264 44.4072 44.4072 39.4081 39.4081 29.8329 29.8329 25.5539
2 31.8904 57.2014 0.0000 44.9110 10.8167 54.3323 31.7805 49.3964 9.4340 17.4642 35.1710 10.0499 38.0526 13.1529 36.0555 51.7880 31.8904 50.9215 28.2843 12.8062 23.0868 53.2353 31.8904 31.8904 50.9215 50.9215 28.2843 28.2843 12.8062 12.8062 23.0868 23.0868 53.2353 53.2353 31.8904
3 36.0555 43.0465 44.9110 0.0000 50.0000 18.0278 13.1529 54.0833 42.5441 29.9666 68.2495 47.0106 63.0317 31.7805 13.6015 69.4622 36.0555 63.0714 54.4885 38.0132 23.7065 16.6433 36.0555 36.0555 63.0714 63.0714 54.4885 54.4885 38.0132 38.0132 23.7065 23.7065 16.6433 16.6433 36.0555
4 42.4264 67.4759 10.8167 50.0000 0.0000 61.8466 37.0540 60.2080 20.2485 26.4197 43.1045 20.2485 47.6760 20.2485 43.4166 61.8466 42.4264 61.4654 38.3275 23.3452 31.0161 60.6383 42.4264 42.4264 61.4654 61.4654 38.3275 38.3275 23.3452 23.3452 31.0161 31.0161 60.6383 60.6383 42.4264
5 33.5410 29.1204 54.3323 18.0278 61.8466 0.0000 26.4197 45.6070 49.0408 37.0540 68.9420 53.1507 61.0574 41.7732 18.4391 63.6396 33.5410 55.9732 54.6260 44.0454 31.2570 1.4142 33.5410 33.5410 55.9732 55.9732 54.6260 54.6260 44.0454 44.0454 31.2570 31.2570 1.4142 1.4142 33.5410
6 28.8617 43.6578 31.7805 13.1529 37.0540 26.4197 0.0000 49.2544 30.0167 17.8045 57.2800 34.4819 53.5350 18.6815 10.2956 62.0322 28.8617 56.7539 44.2041 25.8070 12.0416 25.0599 28.8617 28.8617 56.7539 56.7539 44.2041 44.2041 25.8070 25.8070 12.0416 12.0416 25.0599 25.0599 28.8617
7 21.0950 21.5407 49.3964 54.0833 60.2080 45.6070 49.2544 0.0000 39.9625 39.0512 35.9026 40.6079 24.3311 45.8803 41.2311 19.2354 21.0950 10.8167 26.0768 37.5766 40.1123 45.8039 21.0950 21.0950 10.8167 10.8167 26.0768 26.0768 37.5766 37.5766 40.1123 40.1123 45.8039 45.8039 21.0950
8 23.0217 48.5489 9.4340 42.5441 20.2485 49.0408 30.0167 39.9625 0.0000 12.6491 29.5296 4.4721 30.1496 12.8062 31.5753 43.1856 23.0217 41.7612 20.0250 5.0000 18.9737 48.0937 23.0217 23.0217 41.7612 41.7612 20.0250 20.0250 5.0000 5.0000 18.9737 18.9737 48.0937 48.0937 23.0217
9 18.3848 41.7253 17.4642 29.9666 26.4197 37.0540 17.8045 39.0512 12.6491 0.0000 39.6989 17.0880 37.1618 7.2111 19.1050 47.6760 18.3848 44.0000 27.2947 8.0623 6.3246 36.0139 18.3848 18.3848 44.0000 44.0000 27.2947 27.2947 8.0623 8.0623 6.3246 6.3246 36.0139 36.0139 18.3848
10 35.4683 55.0000 35.1710 68.2495 43.1045 68.9420 57.2800 35.9026 29.5296 39.6989 0.0000 26.0000 11.7047 42.1900 55.2178 24.7588 35.4683 29.5296 14.3178 32.2025 45.2548 68.4471 35.4683 35.4683 29.5296 29.5296 14.3178 14.3178 32.2025 32.2025 45.2548 45.2548 68.4471 68.4471 35.4683
11 25.4951 51.0000 10.0499 47.0106 20.2485 53.1507 34.4819 40.6079 4.4721 17.0880 26.0000 0.0000 28.0179 16.9706 35.9026 41.7732 25.4951 41.2311 18.2483 9.2195 23.4094 52.2398 25.4951 25.4951 41.2311 41.2311 18.2483 18.2483 9.2195 9.2195 23.4094 23.4094 52.2398 52.2398 25.4951
12 27.8029 44.1814 38.0526 63.0317 47.6760 61.0574 53.5350 24.3311 30.1496 37.1618 11.7047 28.0179 0.0000 41.4849 49.5177 14.7648 27.8029 18.0278 10.1980 31.0483 41.6773 60.7454 27.8029 27.8029 18.0278 18.0278 10.1980 10.1980 31.0483 31.0483 41.6773 41.6773 60.7454 60.7454 27.8029
13 25.4951 48.8365 13.1529 31.7805 20.2485 41.7732 18.6815 45.8803 12.8062 7.2111 42.1900 16.9706 41.4849 0.0000 23.3452 53.1507 25.4951 50.1597 31.3209 10.4403 10.7703 40.6079 25.4951 25.4951 50.1597 50.1597 31.3209 31.3209 10.4403 10.4403 10.7703 10.7703 40.6079 40.6079 25.4951
14 22.4722 33.5261 36.0555 13.6015 43.4166 18.4391 10.2956 41.2311 31.5753 19.1050 55.2178 35.9026 49.5177 23.3452 0.0000 55.9464 22.4722 49.7695 41.2311 26.6833 13.0000 17.2627 22.4722 22.4722 49.7695 49.7695 41.2311 41.2311 26.6833 26.6833 13.0000 13.0000 17.2627 17.2627 22.4722
15 33.5410 40.7185 51.7880 69.4622 61.8466 63.6396 62.0322 19.2354 43.1856 47.6760 24.7588 41.7732 14.7648 53.1507 55.9464 0.0000 33.5410 8.5440 23.5372 43.0116 50.9608 63.6553 33.5410 33.5410 8.5440 8.5440 23.5372 23.5372 43.0116 43.0116 50.9608 50.9608 63.6553 63.6553 33.5410
16 0.0000 25.5539 31.8904 36.0555 42.4264 33.5410 28.8617 21.0950 23.0217 18.3848 35.4683 25.4951 27.8029 25.4951 22.4722 33.5410 0.0000 27.8927 21.1896 19.1050 19.0263 33.1210 0.0000 0.0000 27.8927 27.8927 21.1896 21.1896 19.1050 19.1050 19.0263 19.0263 33.1210 33.1210 0.0000
19 27.8927 32.2025 50.9215 63.0714 61.4654 55.9732 56.7539 10.8167 41.7612 44.0000 29.5296 41.2311 18.0278 50.1597 49.7695 8.5440 27.8927 0.0000 23.8537 40.6079 46.3897 56.0803 27.8927 27.8927 0.0000 0.0000 23.8537 23.8537 40.6079 40.6079 46.3897 46.3897 56.0803 56.0803 27.8927
22 21.1896 42.4264 28.2843 54.4885 38.3275 54.6260 44.2041 26.0768 20.0250 27.2947 14.3178 18.2483 10.1980 31.3209 41.2311 23.5372 21.1896 23.8537 0.0000 20.8806 32.2025 54.1295 21.1896 21.1896 23.8537 23.8537 0.0000 0.0000 20.8806 20.8806 32.2025 32.2025 54.1295 54.1295 21.1896
25 19.1050 44.4072 12.8062 38.0132 23.3452 44.0454 25.8070 37.5766 5.0000 8.0623 32.2025 9.2195 31.0483 10.4403 26.6833 43.0116 19.1050 40.6079 20.8806 0.0000 14.3178 43.1045 19.1050 19.1050 40.6079 40.6079 20.8806 20.8806 0.0000 0.0000 14.3178 14.3178 43.1045 43.1045 19.1050
28 19.0263 39.4081 23.0868 23.7065 31.0161 31.2570 12.0416 40.1123 18.9737 6.3246 45.2548 23.4094 41.6773 10.7703 13.0000 50.9608 19.0263 46.3897 32.2025 14.3178 0.0000 30.1496 19.0263 19.0263 46.3897 46.3897 32.2025 32.2025 14.3178 14.3178 0.0000 0.0000 30.1496 30.1496 19.0263
31 33.1210 29.8329 53.2353 16.6433 60.6383 1.4142 25.0599 45.8039 48.0937 36.0139 68.4471 52.2398 60.7454 40.6079 17.2627 63.6553 33.1210 56.0803 54.1295 43.1045 30.1496 0.0000 33.1210 33.1210 56.0803 56.0803 54.1295 54.1295 43.1045 43.1045 30.1496 30.1496 0.0000 0.0000 33.1210
17 0.0000 25.5539 31.8904 36.0555 42.4264 33.5410 28.8617 21.0950 23.0217 18.3848 35.4683 25.4951 27.8029 25.4951 22.4722 33.5410 0.0000 27.8927 21.1896 19.1050 19.0263 33.1210 0.0000 0.0000 27.8927 27.8927 21.1896 21.1896 19.1050 19.1050 19.0263 19.0263 33.1210 33.1210 0.0000
18 0.0000 25.5539 31.8904 36.0555 42.4264 33.5410 28.8617 21.0950 23.0217 18.3848 35.4683 25.4951 27.8029 25.4951 22.4722 33.5410 0.0000 27.8927 21.1896 19.1050 19.0263 33.1210 0.0000 0.0000 27.8927 27.8927 21.1896 21.1896 19.1050 19.1050 19.0263 19.0263 33.1210 33.1210 0.0000
20 27.8927 32.2025 50.9215 63.0714 61.4654 55.9732 56.7539 10.8167 41.7612 44.0000 29.5296 41.2311 18.0278 50.1597 49.7695 8.5440 27.8927 0.0000 23.8537 40.6079 46.3897 56.0803 27.8927 27.8927 0.0000 0.0000 23.8537 23.8537 40.6079 40.6079 46.3897 46.3897 56.0803 56.0803 27.8927
21 27.8927 32.2025 50.9215 63.0714 61.4654 55.9732 56.7539 10.8167 41.7612 44.0000 29.5296 41.2311 18.0278 50.1597 49.7695 8.5440 27.8927 0.0000 23.8537 40.6079 46.3897 56.0803 27.8927 27.8927 0.0000 0.0000 23.8537 23.8537 40.6079 40.6079 46.3897 46.3897 56.0803 56.0803 27.8927
23 21.1896 42.4264 28.2843 54.4885 38.3275 54.6260 44.2041 26.0768 20.0250 27.2947 14.3178 18.2483 10.1980 31.3209 41.2311 23.5372 21.1896 23.8537 0.0000 20.8806 32.2025 54.1295 21.1896 21.1896 23.8537 23.8537 0.0000 0.0000 20.8806 20.8806 32.2025 32.2025 54.1295 54.1295 21.1896
24 21.1896 42.4264 28.2843 54.4885 38.3275 54.6260 44.2041 26.0768 20.0250 27.2947 14.3178 18.2483 10.1980 31.3209 41.2311 23.5372 21.1896 23.8537 0.0000 20.8806 32.2025 54.1295 21.1896 21.1896 23.8537 23.8537 0.0000 0.0000 20.8806 20.8806 32.2025 32.2025 54.1295 54.1295 21.1896
26 19.1050 44.4072 12.8062 38.0132 23.3452 44.0454 25.8070 37.5766 5.0000 8.0623 32.2025 9.2195 31.0483 10.4403 26.6833 43.0116 19.1050 40.6079 20.8806 0.0000 14.3178 43.1045 19.1050 19.1050 40.6079 40.6079 20.8806 20.8806 0.0000 0.0000 14.3178 14.3178 43.1045 43.1045 19.1050
27 19.1050 44.4072 12.8062 38.0132 23.3452 44.0454 25.8070 37.5766 5.0000 8.0623 32.2025 9.2195 31.0483 10.4403 26.6833 43.0116 19.1050 40.6079 20.8806 0.0000 14.3178 43.1045 19.1050 19.1050 40.6079 40.6079 20.8806 20.8806 0.0000 0.0000 14.3178 14.3178 43.1045 43.1045 19.1050
29 19.0263 39.4081 23.0868 23.7065 31.0161 31.2570 12.0416 40.1123 18.9737 6.3246 45.2548 23.4094 41.6773 10.7703 13.0000 50.9608 19.0263 46.3897 32.2025 14.3178 0.0000 30.1496 19.0263 19.0263 46.3897 46.3897 32.2025 32.2025 14.3178 14.3178 0.0000 0.0000 30.1496 30.1496 19.0263
30 19.0263 39.4081 23.0868 23.7065 31.0161 31.2570 12.0416 40.1123 18.9737 6.3246 45.2548 23.4094 41.6773 10.7703 13.0000 50.9608 19.0263 46.3897 32.2025 14.3178 0.0000 30.1496 19.0263 19.0263 46.3897 46.3897 32.2025 32.2025 14.3178 14.3178 0.0000 0.0000 30.1496 30.1496 19.0263
32 33.1210 29.8329 53.2353 16.6433 60.6383 1.4142 25.0599 45.8039 48.0937 36.0139 68.4471 52.2398 60.7454 40.6079 17.2627 63.6553 33.1210 56.0803 54.1295 43.1045 30.1496 0.0000 33.1210 33.1210 56.0803 56.0803 54.1295 54.1295 43.1045 43.1045 30.1496 30.1496 0.0000 0.0000 33.1210
33 33.1210 29.8329 53.2353 16.6433 60.6383 1.4142 25.0599 45.8039 48.0937 36.0139 68.4471 52.2398 60.7454 40.6079 17.2627 63.6553 33.1210 56.0803 54.1295 43.1045 30.1496 0.0000 33.1210 33.1210 56.0803 56.0803 54.1295 54.1295 43.1045 43.1045 30.1496 30.1496 0.0000 0.0000 33.1210
34 0.0000 25.5539 31.8904 36.0555 42.4264 33.5410 28.8617 21.0950 23.0217 18.3848 35.4683 25.4951 27.8029 25.4951 22.4722 33.5410 0.0000 27.8927 21.1896 19.1050 19.0263 33.1210 0.0000 0.0000 27.8927 27.8927 21.1896 21.1896 19.1050 19.1050 19.0263 19.0263 33.1210 33.1210 0.0000
;

param t : 0 1 2 3 4 5 6 7 8 9 10 11 12 13 14 15 16 19 22 25 28 31 17 18 20 21 23 24 26 27 29 30 32 33 34 :=
0 0.0000 25.5539 31.8904 36.0555 42.4264 33.5410 28.8617 21.0950 23.0217 18.3848 35.4683 25.4951 27.8029 25.4951 22.4722 33.5410 0.0000 27.8927 21.1896 19.1050 19.0263 33.1210 0.0000 0.0000 27.8927 27.8927 21.1896 21.1896 19.1050 19.1050 19.0263 19.0263 33.1210 33.1210 0.0000
1 25.5539 0.0000 57.2014 43.0465 67.4759 29.1204 43.6578 21.5407 48.5489 41.7253 55.0000 51.0000 44.1814 48.8365 33.5261 40.7185 25.5539 32.2025 42.4264 44.4072 39.4081 29.8329 25.5539 25.5539 32.2025 32.2025 42.4264 42.4264 44.4072 44.4072 39.4081 39.4081 29.8329 29.8329 25.5539
2 31.8904 57.2014 0.0000 44.9110 10.8167 54.3323 31.7805 49.3964 9.4340 17.4642 35.1710 10.0499 38.0526 13.1529 36.0555 51.7880 31.8904 50.9215 28.2843 12.8062 23.0868 53.2353 31.8904 31.8904 50.9215 50.9215 28.2843 28.2843 12.8062 12.8062 23.0868 23.0868 53.2353 53.2353 31.8904
3 36.0555 43.0465 44.9110 0.0000 50.0000 18.0278 13.1529 54.0833 42.5441 29.9666 68.2495 47.0106 63.0317 31.7805 13.6015 69.4622 36.0555 63.0714 54.4885 38.0132 23.7065 16.6433 36.0555 36.0555 63.0714 63.0714 54.4885 54.4885 38.0132 38.0132 23.7065 23.7065 16.6433 16.6433 36.0555
4 42.4264 67.4759 10.8167 50.0000 0.0000 61.8466 37.0540 60.2080 20.2485 26.4197 43.1045 20.2485 47.6760 20.2485 43.4166 61.8466 42.4264 61.4654 38.3275 23.3452 31.0161 60.6383 42.4264 42.4264 61.4654 61.4654 38.3275 38.3275 23.3452 23.3452 31.0161 31.0161 60.6383 60.6383 42.4264
5 33.5410 29.1204 54.3323 18.0278 61.8466 0.0000 26.4197 45.6070 49.0408 37.0540 68.9420 53.1507 61.0574 41.7732 18.4391 63.6396 33.5410 55.9732 54.6260 44.0454 31.2570 1.4142 33.5410 33.5410 55.9732 55.9732 54.6260 54.6260 44.0454 44.0454 31.2570 31.2570 1.4142 1.4142 33.5410
6 28.8617 43.6578 31.7805 13.1529 37.0540 26.4197 0.0000 49.2544 30.0167 17.8045 57.2800 34.4819 53.5350 18.6815 10.2956 62.0322 28.8617 56.7539 44.2041 25.8070 12.0416 25.0599 28.8617 28.8617 56.7539 56.7539 44.2041 44.2041 25.8070 25.8070 12.0416 12.0416 25.0599 25.0599 28.8617
7 21.0950 21.5407 49.3964 54.0833 60.2080 45.6070 49.2544 0.0000 39.9625 39.0512 35.9026 40.6079 24.3311 45.8803 41.2311 19.2354 21.0950 10.8167 26.0768 37.5766 40.1123 45.8039 21.0950 21.0950 10.8167 10.8167 26.0768 26.0768 37.5766 37.5766 40.1123 40.1123 45.8039 45.8039 21.0950
8 23.0217 48.5489 9.4340 42.5441 20.2485 49.0408 30.0167 39.9625 0.0000 12.6491 29.5296 4.4721 30.1496 12.8062 31.5753 43.1856 23.0217 41.7612 20.0250 5.0000 18.9737 48.0937 23.0217 23.0217 41.7612 41.7612 20.0250 20.0250 5.0000 5.0000 18.9737 18.9737 48.0937 48.0937 23.0217
9 18.3848 41.7253 17.4642 29.9666 26.4197 37.0540 17.8045 39.0512 12.6491 0.0000 39.6989 17.0880 37.1618 7.2111 19.1050 47.6760 18.3848 44.0000 27.2947 8.0623 6.3246 36.0139 18.3848 18.3848 44.0000 44.0000 27.2947 27.2947 8.0623 8.0623 6.3246 6.3246 36.0139 36.0139 18.3848
10 35.4683 55.0000 35.1710 68.2495 43.1045 68.9420 57.2800 35.9026 29.5296 39.6989 0.0000 26.0000 11.7047 42.1900 55.2178 24.7588 35.4683 29.5296 14.3178 32.2025 45.2548 68.4471 35.4683 35.4683 29.5296 29.5296 14.3178 14.3178 32.2025 32.2025 45.2548 45.2548 68.4471 68.4471 35.4683
11 25.4951 51.0000 10.0499 47.0106 20.2485 53.1507 34.4819 40.6079 4.4721 17.0880 26.0000 0.0000 28.0179 16.9706 35.9026 41.7732 25.4951 41.2311 18.2483 9.2195 23.4094 52.2398 25.4951 25.4951 41.2311 41.2311 18.2483 18.2483 9.2195 9.2195 23.4094 23.4094 52.2398 52.2398 25.4951
12 27.8029 44.1814 38.0526 63.0317 47.6760 61.0574 53.5350 24.3311 30.1496 37.1618 11.7047 28.0179 0.0000 41.4849 49.5177 14.7648 27.8029 18.0278 10.1980 31.0483 41.6773 60.7454 27.8029 27.8029 18.0278 18.0278 10.1980 10.1980 31.0483 31.0483 41.6773 41.6773 60.7454 60.7454 27.8029
13 25.4951 48.8365 13.1529 31.7805 20.2485 41.7732 18.6815 45.8803 12.8062 7.2111 42.1900 16.9706 41.4849 0.0000 23.3452 53.1507 25.4951 50.1597 31.3209 10.4403 10.7703 40.6079 25.4951 25.4951 50.1597 50.1597 31.3209 31.3209 10.4403 10.4403 10.7703 10.7703 40.6079 40.6079 25.4951
14 22.4722 33.5261 36.0555 13.6015 43.4166 18.4391 10.2956 41.2311 31.5753 19.1050 55.2178 35.9026 49.5177 23.3452 0.0000 55.9464 22.4722 49.7695 41.2311 26.6833 13.0000 17.2627 22.4722 22.4722 49.7695 49.7695 41.2311 41.2311 26.6833 26.6833 13.0000 13.0000 17.2627 17.2627 22.4722
15 33.5410 40.7185 51.7880 69.4622 61.8466 63.6396 62.0322 19.2354 43.1856 47.6760 24.7588 41.7732 14.7648 53.1507 55.9464 0.0000 33.5410 8.5440 23.5372 43.0116 50.9608 63.6553 33.5410 33.5410 8.5440 8.5440 23.5372 23.5372 43.0116 43.0116 50.9608 50.9608 63.6553 63.6553 33.5410
16 0.0000 25.5539 31.8904 36.0555 42.4264 33.5410 28.8617 21.0950 23.0217 18.3848 35.4683 25.4951 27.8029 25.4951 22.4722 33.5410 0.0000 27.8927 21.1896 19.1050 19.0263 33.1210 0.0000 0.0000 27.8927 27.8927 21.1896 21.1896 19.1050 19.1050 19.0263 19.0263 33.1210 33.1210 0.0000
19 27.8927 32.2025 50.9215 63.0714 61.4654 55.9732 56.7539 10.8167 41.7612 44.0000 29.5296 41.2311 18.0278 50.1597 49.7695 8.5440 27.8927 0.0000 23.8537 40.6079 46.3897 56.0803 27.8927 27.8927 0.0000 0.0000 23.8537 23.8537 40.6079 40.6079 46.3897 46.3897 56.0803 56.0803 27.8927
22 21.1896 42.4264 28.2843 54.4885 38.3275 54.6260 44.2041 26.0768 20.0250 27.2947 14.3178 18.2483 10.1980 31.3209 41.2311 23.5372 21.1896 23.8537 0.0000 20.8806 32.2025 54.1295 21.1896 21.1896 23.8537 23.8537 0.0000 0.0000 20.8806 20.8806 32.2025 32.2025 54.1295 54.1295 21.1896
25 19.1050 44.4072 12.8062 38.0132 23.3452 44.0454 25.8070 37.5766 5.0000 8.0623 32.2025 9.2195 31.0483 10.4403 26.6833 43.0116 19.1050 40.6079 20.8806 0.0000 14.3178 43.1045 19.1050 19.1050 40.6079 40.6079 20.8806 20.8806 0.0000 0.0000 14.3178 14.3178 43.1045 43.1045 19.1050
28 19.0263 39.4081 23.0868 23.7065 31.0161 31.2570 12.0416 40.1123 18.9737 6.3246 45.2548 23.4094 41.6773 10.7703 13.0000 50.9608 19.0263 46.3897 32.2025 14.3178 0.0000 30.1496 19.0263 19.0263 46.3897 46.3897 32.2025 32.2025 14.3178 14.3178 0.0000 0.0000 30.1496 30.1496 19.0263
31 33.1210 29.8329 53.2353 16.6433 60.6383 1.4142 25.0599 45.8039 48.0937 36.0139 68.4471 52.2398 60.7454 40.6079 17.2627 63.6553 33.1210 56.0803 54.1295 43.1045 30.1496 0.0000 33.1210 33.1210 56.0803 56.0803 54.1295 54.1295 43.1045 43.1045 30.1496 30.1496 0.0000 0.0000 33.1210
17 0.0000 25.5539 31.8904 36.0555 42.4264 33.5410 28.8617 21.0950 23.0217 18.3848 35.4683 25.4951 27.8029 25.4951 22.4722 33.5410 0.0000 27.8927 21.1896 19.1050 19.0263 33.1210 0.0000 0.0000 27.8927 27.8927 21.1896 21.1896 19.1050 19.1050 19.0263 19.0263 33.1210 33.1210 0.0000
18 0.0000 25.5539 31.8904 36.0555 42.4264 33.5410 28.8617 21.0950 23.0217 18.3848 35.4683 25.4951 27.8029 25.4951 22.4722 33.5410 0.0000 27.8927 21.1896 19.1050 19.0263 33.1210 0.0000 0.0000 27.8927 27.8927 21.1896 21.1896 19.1050 19.1050 19.0263 19.0263 33.1210 33.1210 0.0000
20 27.8927 32.2025 50.9215 63.0714 61.4654 55.9732 56.7539 10.8167 41.7612 44.0000 29.5296 41.2311 18.0278 50.1597 49.7695 8.5440 27.8927 0.0000 23.8537 40.6079 46.3897 56.0803 27.8927 27.8927 0.0000 0.0000 23.8537 23.8537 40.6079 40.6079 46.3897 46.3897 56.0803 56.0803 27.8927
21 27.8927 32.2025 50.9215 63.0714 61.4654 55.9732 56.7539 10.8167 41.7612 44.0000 29.5296 41.2311 18.0278 50.1597 49.7695 8.5440 27.8927 0.0000 23.8537 40.6079 46.3897 56.0803 27.8927 27.8927 0.0000 0.0000 23.8537 23.8537 40.6079 40.6079 46.3897 46.3897 56.0803 56.0803 27.8927
23 21.1896 42.4264 28.2843 54.4885 38.3275 54.6260 44.2041 26.0768 20.0250 27.2947 14.3178 18.2483 10.1980 31.3209 41.2311 23.5372 21.1896 23.8537 0.0000 20.8806 32.2025 54.1295 21.1896 21.1896 23.8537 23.8537 0.0000 0.0000 20.8806 20.8806 32.2025 32.2025 54.1295 54.1295 21.1896
24 21.1896 42.4264 28.2843 54.4885 38.3275 54.6260 44.2041 26.0768 20.0250 27.2947 14.3178 18.2483 10.1980 31.3209 41.2311 23.5372 21.1896 23.8537 0.0000 20.8806 32.2025 54.1295 21.1896 21.1896 23.8537 23.8537 0.0000 0.0000 20.8806 20.8806 32.2025 32.2025 54.1295 54.1295 21.1896
26 19.1050 44.4072 12.8062 38.0132 23.3452 44.0454 25.8070 37.5766 5.0000 8.0623 32.2025 9.2195 31.0483 10.4403 26.6833 43.0116 19.1050 40.6079 20.8806 0.0000 14.3178 43.1045 19.1050 19.1050 40.6079 40.6079 20.8806 20.8806 0.0000 0.0000 14.3178 14.3178 43.1045 43.1045 19.1050
27 19.1050 44.4072 12.8062 38.0132 23.3452 44.0454 25.8070 37.5766 5.0000 8.0623 32.2025 9.2195 31.0483 10.4403 26.6833 43.0116 19.1050 40.6079 20.8806 0.0000 14.3178 43.1045 19.1050 19.1050 40.6079 40.6079 20.8806 20.8806 0.0000 0.0000 14.3178 14.3178 43.1045 43.1045 19.1050
29 19.0263 39.4081 23.0868 23.7065 31.0161 31.2570 12.0416 40.1123 18.9737 6.3246 45.2548 23.4094 41.6773 10.7703 13.0000 50.9608 19.0263 46.3897 32.2025 14.3178 0.0000 30.1496 19.0263 19.0263 46.3897 46.3897 32.2025 32.2025 14.3178 14.3178 0.0000 0.0000 30.1496 30.1496 19.0263
30 19.0263 39.4081 23.0868 23.7065 31.0161 31.2570 12.0416 40.1123 18.9737 6.3246 45.2548 23.4094 41.6773 10.7703 13.0000 50.9608 19.0263 46.3897 32.2025 14.3178 0.0000 30.1496 19.0263 19.0263 46.3897 46.3897 32.2025 32.2025 14.3178 14.3178 0.0000 0.0000 30.1496 30.1496 19.0263
32 33.1210 29.8329 53.2353 16.6433 60.6383 1.4142 25.0599 45.8039 48.0937 36.0139 68.4471 52.2398 60.7454 40.6079 17.2627 63.6553 33.1210 56.0803 54.1295 43.1045 30.1496 0.0000 33.1210 33.1210 56.0803 56.0803 54.1295 54.1295 43.1045 43.1045 30.1496 30.1496 0.0000 0.0000 33.1210
33 33.1210 29.8329 53.2353 16.6433 60.6383 1.4142 25.0599 45.8039 48.0937 36.0139 68.4471 52.2398 60.7454 40.6079 17.2627 63.6553 33.1210 56.0803 54.1295 43.1045 30.1496 0.0000 33.1210 33.1210 56.0803 56.0803 54.1295 54.1295 43.1045 43.1045 30.1496 30.1496 0.0000 0.0000 33.1210
34 0.0000 25.5539 31.8904 36.0555 42.4264 33.5410 28.8617 21.0950 23.0217 18.3848 35.4683 25.4951 27.8029 25.4951 22.4722 33.5410 0.0000 27.8927 21.1896 19.1050 19.0263 33.1210 0.0000 0.0000 27.8927 27.8927 21.1896 21.1896 19.1050 19.1050 19.0263 19.0263 33.1210 33.1210 0.0000
;
