set F_UNIQ := 16 19 22 25 28;
set F_NODES[16] := 16 17 18;
set F_NODES[19] := 19 20 21;
set F_NODES[22] := 22 23 24;
set F_NODES[25] := 25 26 27;
set F_NODES[28] := 28 29 30;
#definition

# set
set V := 1 2 3 4 5 6 7 8 9 10 11 12 13 14 15 ; 	# customer set
set F := 16 19 22 25 F20
17 18  
20 21  
23 24 
26 27 
29 30  ;#recharging & battery swapping station
set D0 :=0;
set Dsig :=31;


# param
param CV := 200;    		# ECV fixed cost(Topic Given)
param C := 1000;   		# ECV max load
param Q := 60.63; 		# ECV/BSV battery level
param h := 1;     		# ECV consumption

param CB := 267;    		# BSV fixed cost(Topic Given)
param Qplun := 5;       # BSV max load(battery)
param hplun := 1;     	# BSV consumption
param W :=121.26;		# BSV battery level

param Ct := 10 ;		# travel cost
param Cr := 100 ;		# recharging cost
param lamda := 0.00;	# battery swap time
param Cb ;  	    # battery swap cost(BSS/BSV)
param n :=15;	   		# number of customers
param g :=1.47 ;     	# the recharging rate of ECV 



# customer demend
param m :=
0 0
1 27
2 26
3 16
4 9
5 1
6 16
7 16
8 5
9 21
10 26
11 18
12 23
13 19
14 10
15 14
16 0
19 0
22 0
25 0
28 0
17 0
18 0
20 0
21 0
23 0
24 0
26 0
27 0
29 0
30 0
31 0;

param e :=
0 0
1 34
2 380
3 254
4 114
5 458
6 5
7 496
8 249
9 115
10 20
11 280
12 273
13 470
14 34
15 487
16 0
19 0
22 0
25 0
28 0
17 0
18 0
20 0
21 0
23 0
24 0
26 0
27 0
29 0
30 0
31 0;

param l :=
0 1000
1 362
2 487
3 643
4 553
5 685
6 612
7 713
8 968
9 498
10 370
11 623
12 580
13 965
14 348
15 656
16 1000
19 1000
22 1000
25 1000
28 1000
17 1000
18 1000
20 1000
21 1000
23 1000
24 1000
26 1000
27 1000
29 1000
30 1000
31 1000;

param s :=
0 0
1 10
2 10
3 10
4 10
5 10
6 10
7 10
8 10
9 10
10 10
11 10
12 10
13 10
14 10
15 10
16 0
19 0
22 0
25 0
28 0
17 0
18 0
20 0
21 0
23 0
24 0
26 0
27 0
29 0
30 0
31 0;

param d : 0 1 2 3 4 5 6 7 8 9 10 11 12 13 14 15 16 19 22 25 28 17 18 20 21 23 24 26 27 29 30 31 :=
0 0.0000 34.2053 18.3848 32.0156 19.2354 35.4683 5.0000 25.4951 21.0950 25.4951 20.6155 26.9258 25.5539 25.0000 34.9285 36.0555 0.0000 29.0689 28.1780 30.0167 19.1050 0.0000 0.0000 29.0689 29.0689 28.1780 28.1780 30.0167 30.0167 19.1050 19.1050 0.0000
1 34.2053 0.0000 42.9418 47.1699 18.4391 10.0000 31.3847 22.3607 29.0000 32.2490 26.9258 59.0339 49.6488 59.2030 23.0217 57.0088 34.2053 59.1354 40.1995 13.0000 36.4005 34.2053 34.2053 59.1354 59.1354 40.1995 40.1995 13.0000 13.0000 36.4005 36.4005 34.2053
2 18.3848 42.9418 0.0000 49.9300 34.0588 39.6989 23.0868 42.0476 39.0512 43.6807 17.6918 18.7883 41.7253 27.0740 51.0098 52.3259 18.3848 40.7063 46.5188 43.7379 8.0623 18.3848 18.3848 40.7063 40.7063 46.5188 46.5188 43.7379 43.7379 8.0623 8.0623 18.3848
3 32.0156 47.1699 49.9300 0.0000 30.0832 54.3415 28.2843 25.0000 18.4391 15.0000 50.0000 50.9902 12.1655 40.0000 29.4109 11.1803 32.0156 24.6982 7.0000 35.0143 50.9902 32.0156 32.0156 24.6982 24.6982 7.0000 7.0000 35.0143 35.0143 50.9902 50.9902 32.0156
4 19.2354 18.4391 34.0588 30.0832 0.0000 24.3311 15.0000 8.9443 11.7047 16.1245 24.5967 46.0977 31.2570 43.1856 17.0294 39.1152 19.2354 40.8534 23.4094 10.8167 30.4138 19.2354 19.2354 40.8534 40.8534 23.4094 23.4094 10.8167 10.8167 30.4138 30.4138 19.2354
5 35.4683 10.0000 39.6989 54.3415 24.3311 0.0000 33.9559 30.4631 35.9026 39.8497 22.2036 57.3847 55.0000 59.9416 32.6497 63.3877 35.4683 62.9682 47.5395 22.2036 32.2025 35.4683 35.4683 62.9682 62.9682 47.5395 47.5395 22.2036 22.2036 32.2025 32.2025 35.4683
6 5.0000 31.3847 23.0868 28.2843 15.0000 33.9559 0.0000 20.6155 16.1245 20.6155 22.3607 31.6228 23.4094 28.2843 30.0832 33.5410 5.0000 29.1548 23.8537 25.8070 22.8035 5.0000 5.0000 29.1548 29.1548 23.8537 23.8537 25.8070 25.8070 22.8035 22.8035 5.0000
7 25.4951 22.3607 42.0476 25.0000 8.9443 30.4631 20.6155 0.0000 8.0623 10.0000 33.5410 52.2015 29.5466 47.1699 9.4868 35.3553 25.4951 41.0488 18.0000 10.0499 39.0512 25.4951 25.4951 41.0488 41.0488 18.0000 18.0000 10.0499 10.0499 39.0512 39.0512 25.4951
8 21.0950 29.0000 39.0512 18.4391 11.7047 35.9026 16.1245 8.0623 0.0000 5.0000 34.0588 46.6905 21.5407 40.2492 16.4012 28.0179 21.0950 33.0151 11.7047 17.7200 37.5766 21.0950 21.0950 33.0151 33.0151 11.7047 11.7047 17.7200 17.7200 37.5766 37.5766 21.0950
9 25.4951 32.2490 43.6807 15.0000 16.1245 39.8497 20.6155 10.0000 5.0000 0.0000 39.0512 50.2494 20.8087 42.7200 15.8114 25.4951 25.4951 33.2415 8.0000 20.0250 42.4853 25.4951 25.4951 33.2415 33.2415 8.0000 8.0000 20.0250 20.0250 42.4853 42.4853 25.4951
10 20.6155 26.9258 17.6918 50.0000 24.5967 22.2036 22.3607 33.5410 34.0588 39.0512 0.0000 36.0555 45.6946 41.2311 40.8044 55.9017 20.6155 49.4975 44.5982 31.4006 10.0000 20.6155 20.6155 49.4975 49.4975 44.5982 44.5982 31.4006 31.4006 10.0000 10.0000 20.6155
11 26.9258 59.0339 18.7883 50.9902 46.0977 57.3847 31.6228 52.2015 46.6905 50.2494 36.0555 0.0000 39.8497 14.1421 61.6847 49.2443 26.9258 33.0151 50.0899 56.7979 26.8328 26.9258 26.9258 33.0151 33.0151 50.0899 50.0899 56.7979 56.7979 26.8328 26.8328 26.9258
12 25.5539 49.6488 41.7253 12.1655 31.2570 55.0000 23.4094 29.5466 21.5407 20.8087 45.6946 39.8497 0.0000 28.0713 36.6197 10.6301 25.5539 13.0384 15.0000 39.2173 44.4072 25.5539 25.5539 13.0384 13.0384 15.0000 15.0000 39.2173 39.2173 44.4072 44.4072 25.5539
13 25.0000 59.2030 27.0740 40.0000 43.1856 59.9416 28.2843 47.1699 40.2492 42.7200 41.2311 14.1421 28.0713 0.0000 56.4358 36.4005 25.0000 19.2354 40.6079 53.9073 34.0588 25.0000 25.0000 19.2354 19.2354 40.6079 40.6079 53.9073 53.9073 34.0588 34.0588 25.0000
14 34.9285 23.0217 51.0098 29.4109 17.0294 32.6497 30.0832 9.4868 16.4012 15.8114 40.8044 61.6847 36.6197 56.4358 0.0000 40.4969 34.9285 48.9183 22.8473 10.6301 47.3814 34.9285 34.9285 48.9183 48.9183 22.8473 22.8473 10.6301 10.6301 47.3814 47.3814 34.9285
15 36.0555 57.0088 52.3259 11.1803 39.1152 63.3877 33.5410 35.3553 28.0179 25.4951 55.9017 49.2443 10.6301 36.4005 40.4969 0.0000 36.0555 18.0278 17.7200 45.3982 55.0000 36.0555 36.0555 18.0278 18.0278 17.7200 17.7200 45.3982 45.3982 55.0000 55.0000 36.0555
16 0.0000 34.2053 18.3848 32.0156 19.2354 35.4683 5.0000 25.4951 21.0950 25.4951 20.6155 26.9258 25.5539 25.0000 34.9285 36.0555 0.0000 29.0689 28.1780 30.0167 19.1050 0.0000 0.0000 29.0689 29.0689 28.1780 28.1780 30.0167 30.0167 19.1050 19.1050 0.0000
19 29.0689 59.1354 40.7063 24.6982 40.8534 62.9682 29.1548 41.0488 33.0151 33.2415 49.4975 33.0151 13.0384 19.2354 48.9183 18.0278 29.0689 0.0000 28.0179 50.1199 45.5412 29.0689 29.0689 0.0000 0.0000 28.0179 28.0179 50.1199 50.1199 45.5412 45.5412 29.0689
22 28.1780 40.1995 46.5188 7.0000 23.4094 47.5395 23.8537 18.0000 11.7047 8.0000 44.5982 50.0899 15.0000 40.6079 22.8473 17.7200 28.1780 28.0179 0.0000 28.0179 46.6154 28.1780 28.1780 28.0179 28.0179 0.0000 0.0000 28.0179 28.0179 46.6154 46.6154 28.1780
25 30.0167 13.0000 43.7379 35.0143 10.8167 22.2036 25.8070 10.0499 17.7200 20.0250 31.4006 56.7979 39.2173 53.9073 10.6301 45.3982 30.0167 50.1199 28.0179 0.0000 39.0128 30.0167 30.0167 50.1199 50.1199 28.0179 28.0179 0.0000 0.0000 39.0128 39.0128 30.0167
28 19.1050 36.4005 8.0623 50.9902 30.4138 32.2025 22.8035 39.0512 37.5766 42.4853 10.0000 26.8328 44.4072 34.0588 47.3814 55.0000 19.1050 45.5412 46.6154 39.0128 0.0000 19.1050 19.1050 45.5412 45.5412 46.6154 46.6154 39.0128 39.0128 0.0000 0.0000 19.1050
17 0.0000 34.2053 18.3848 32.0156 19.2354 35.4683 5.0000 25.4951 21.0950 25.4951 20.6155 26.9258 25.5539 25.0000 34.9285 36.0555 0.0000 29.0689 28.1780 30.0167 19.1050 0.0000 0.0000 29.0689 29.0689 28.1780 28.1780 30.0167 30.0167 19.1050 19.1050 0.0000
18 0.0000 34.2053 18.3848 32.0156 19.2354 35.4683 5.0000 25.4951 21.0950 25.4951 20.6155 26.9258 25.5539 25.0000 34.9285 36.0555 0.0000 29.0689 28.1780 30.0167 19.1050 0.0000 0.0000 29.0689 29.0689 28.1780 28.1780 30.0167 30.0167 19.1050 19.1050 0.0000
20 29.0689 59.1354 40.7063 24.6982 40.8534 62.9682 29.1548 41.0488 33.0151 33.2415 49.4975 33.0151 13.0384 19.2354 48.9183 18.0278 29.0689 0.0000 28.0179 50.1199 45.5412 29.0689 29.0689 0.0000 0.0000 28.0179 28.0179 50.1199 50.1199 45.5412 45.5412 29.0689
21 29.0689 59.1354 40.7063 24.6982 40.8534 62.9682 29.1548 41.0488 33.0151 33.2415 49.4975 33.0151 13.0384 19.2354 48.9183 18.0278 29.0689 0.0000 28.0179 50.1199 45.5412 29.0689 29.0689 0.0000 0.0000 28.0179 28.0179 50.1199 50.1199 45.5412 45.5412 29.0689
23 28.1780 40.1995 46.5188 7.0000 23.4094 47.5395 23.8537 18.0000 11.7047 8.0000 44.5982 50.0899 15.0000 40.6079 22.8473 17.7200 28.1780 28.0179 0.0000 28.0179 46.6154 28.1780 28.1780 28.0179 28.0179 0.0000 0.0000 28.0179 28.0179 46.6154 46.6154 28.1780
24 28.1780 40.1995 46.5188 7.0000 23.4094 47.5395 23.8537 18.0000 11.7047 8.0000 44.5982 50.0899 15.0000 40.6079 22.8473 17.7200 28.1780 28.0179 0.0000 28.0179 46.6154 28.1780 28.1780 28.0179 28.0179 0.0000 0.0000 28.0179 28.0179 46.6154 46.6154 28.1780
26 30.0167 13.0000 43.7379 35.0143 10.8167 22.2036 25.8070 10.0499 17.7200 20.0250 31.4006 56.7979 39.2173 53.9073 10.6301 45.3982 30.0167 50.1199 28.0179 0.0000 39.0128 30.0167 30.0167 50.1199 50.1199 28.0179 28.0179 0.0000 0.0000 39.0128 39.0128 30.0167
27 30.0167 13.0000 43.7379 35.0143 10.8167 22.2036 25.8070 10.0499 17.7200 20.0250 31.4006 56.7979 39.2173 53.9073 10.6301 45.3982 30.0167 50.1199 28.0179 0.0000 39.0128 30.0167 30.0167 50.1199 50.1199 28.0179 28.0179 0.0000 0.0000 39.0128 39.0128 30.0167
29 19.1050 36.4005 8.0623 50.9902 30.4138 32.2025 22.8035 39.0512 37.5766 42.4853 10.0000 26.8328 44.4072 34.0588 47.3814 55.0000 19.1050 45.5412 46.6154 39.0128 0.0000 19.1050 19.1050 45.5412 45.5412 46.6154 46.6154 39.0128 39.0128 0.0000 0.0000 19.1050
30 19.1050 36.4005 8.0623 50.9902 30.4138 32.2025 22.8035 39.0512 37.5766 42.4853 10.0000 26.8328 44.4072 34.0588 47.3814 55.0000 19.1050 45.5412 46.6154 39.0128 0.0000 19.1050 19.1050 45.5412 45.5412 46.6154 46.6154 39.0128 39.0128 0.0000 0.0000 19.1050
31 0.0000 34.2053 18.3848 32.0156 19.2354 35.4683 5.0000 25.4951 21.0950 25.4951 20.6155 26.9258 25.5539 25.0000 34.9285 36.0555 0.0000 29.0689 28.1780 30.0167 19.1050 0.0000 0.0000 29.0689 29.0689 28.1780 28.1780 30.0167 30.0167 19.1050 19.1050 0.0000
;

param t : 0 1 2 3 4 5 6 7 8 9 10 11 12 13 14 15 16 19 22 25 28 17 18 20 21 23 24 26 27 29 30 31 :=
0 0.0000 34.2053 18.3848 32.0156 19.2354 35.4683 5.0000 25.4951 21.0950 25.4951 20.6155 26.9258 25.5539 25.0000 34.9285 36.0555 0.0000 29.0689 28.1780 30.0167 19.1050 0.0000 0.0000 29.0689 29.0689 28.1780 28.1780 30.0167 30.0167 19.1050 19.1050 0.0000
1 34.2053 0.0000 42.9418 47.1699 18.4391 10.0000 31.3847 22.3607 29.0000 32.2490 26.9258 59.0339 49.6488 59.2030 23.0217 57.0088 34.2053 59.1354 40.1995 13.0000 36.4005 34.2053 34.2053 59.1354 59.1354 40.1995 40.1995 13.0000 13.0000 36.4005 36.4005 34.2053
2 18.3848 42.9418 0.0000 49.9300 34.0588 39.6989 23.0868 42.0476 39.0512 43.6807 17.6918 18.7883 41.7253 27.0740 51.0098 52.3259 18.3848 40.7063 46.5188 43.7379 8.0623 18.3848 18.3848 40.7063 40.7063 46.5188 46.5188 43.7379 43.7379 8.0623 8.0623 18.3848
3 32.0156 47.1699 49.9300 0.0000 30.0832 54.3415 28.2843 25.0000 18.4391 15.0000 50.0000 50.9902 12.1655 40.0000 29.4109 11.1803 32.0156 24.6982 7.0000 35.0143 50.9902 32.0156 32.0156 24.6982 24.6982 7.0000 7.0000 35.0143 35.0143 50.9902 50.9902 32.0156
4 19.2354 18.4391 34.0588 30.0832 0.0000 24.3311 15.0000 8.9443 11.7047 16.1245 24.5967 46.0977 31.2570 43.1856 17.0294 39.1152 19.2354 40.8534 23.4094 10.8167 30.4138 19.2354 19.2354 40.8534 40.8534 23.4094 23.4094 10.8167 10.8167 30.4138 30.4138 19.2354
5 35.4683 10.0000 39.6989 54.3415 24.3311 0.0000 33.9559 30.4631 35.9026 39.8497 22.2036 57.3847 55.0000 59.9416 32.6497 63.3877 35.4683 62.9682 47.5395 22.2036 32.2025 35.4683 35.4683 62.9682 62.9682 47.5395 47.5395 22.2036 22.2036 32.2025 32.2025 35.4683
6 5.0000 31.3847 23.0868 28.2843 15.0000 33.9559 0.0000 20.6155 16.1245 20.6155 22.3607 31.6228 23.4094 28.2843 30.0832 33.5410 5.0000 29.1548 23.8537 25.8070 22.8035 5.0000 5.0000 29.1548 29.1548 23.8537 23.8537 25.8070 25.8070 22.8035 22.8035 5.0000
7 25.4951 22.3607 42.0476 25.0000 8.9443 30.4631 20.6155 0.0000 8.0623 10.0000 33.5410 52.2015 29.5466 47.1699 9.4868 35.3553 25.4951 41.0488 18.0000 10.0499 39.0512 25.4951 25.4951 41.0488 41.0488 18.0000 18.0000 10.0499 10.0499 39.0512 39.0512 25.4951
8 21.0950 29.0000 39.0512 18.4391 11.7047 35.9026 16.1245 8.0623 0.0000 5.0000 34.0588 46.6905 21.5407 40.2492 16.4012 28.0179 21.0950 33.0151 11.7047 17.7200 37.5766 21.0950 21.0950 33.0151 33.0151 11.7047 11.7047 17.7200 17.7200 37.5766 37.5766 21.0950
9 25.4951 32.2490 43.6807 15.0000 16.1245 39.8497 20.6155 10.0000 5.0000 0.0000 39.0512 50.2494 20.8087 42.7200 15.8114 25.4951 25.4951 33.2415 8.0000 20.0250 42.4853 25.4951 25.4951 33.2415 33.2415 8.0000 8.0000 20.0250 20.0250 42.4853 42.4853 25.4951
10 20.6155 26.9258 17.6918 50.0000 24.5967 22.2036 22.3607 33.5410 34.0588 39.0512 0.0000 36.0555 45.6946 41.2311 40.8044 55.9017 20.6155 49.4975 44.5982 31.4006 10.0000 20.6155 20.6155 49.4975 49.4975 44.5982 44.5982 31.4006 31.4006 10.0000 10.0000 20.6155
11 26.9258 59.0339 18.7883 50.9902 46.0977 57.3847 31.6228 52.2015 46.6905 50.2494 36.0555 0.0000 39.8497 14.1421 61.6847 49.2443 26.9258 33.0151 50.0899 56.7979 26.8328 26.9258 26.9258 33.0151 33.0151 50.0899 50.0899 56.7979 56.7979 26.8328 26.8328 26.9258
12 25.5539 49.6488 41.7253 12.1655 31.2570 55.0000 23.4094 29.5466 21.5407 20.8087 45.6946 39.8497 0.0000 28.0713 36.6197 10.6301 25.5539 13.0384 15.0000 39.2173 44.4072 25.5539 25.5539 13.0384 13.0384 15.0000 15.0000 39.2173 39.2173 44.4072 44.4072 25.5539
13 25.0000 59.2030 27.0740 40.0000 43.1856 59.9416 28.2843 47.1699 40.2492 42.7200 41.2311 14.1421 28.0713 0.0000 56.4358 36.4005 25.0000 19.2354 40.6079 53.9073 34.0588 25.0000 25.0000 19.2354 19.2354 40.6079 40.6079 53.9073 53.9073 34.0588 34.0588 25.0000
14 34.9285 23.0217 51.0098 29.4109 17.0294 32.6497 30.0832 9.4868 16.4012 15.8114 40.8044 61.6847 36.6197 56.4358 0.0000 40.4969 34.9285 48.9183 22.8473 10.6301 47.3814 34.9285 34.9285 48.9183 48.9183 22.8473 22.8473 10.6301 10.6301 47.3814 47.3814 34.9285
15 36.0555 57.0088 52.3259 11.1803 39.1152 63.3877 33.5410 35.3553 28.0179 25.4951 55.9017 49.2443 10.6301 36.4005 40.4969 0.0000 36.0555 18.0278 17.7200 45.3982 55.0000 36.0555 36.0555 18.0278 18.0278 17.7200 17.7200 45.3982 45.3982 55.0000 55.0000 36.0555
16 0.0000 34.2053 18.3848 32.0156 19.2354 35.4683 5.0000 25.4951 21.0950 25.4951 20.6155 26.9258 25.5539 25.0000 34.9285 36.0555 0.0000 29.0689 28.1780 30.0167 19.1050 0.0000 0.0000 29.0689 29.0689 28.1780 28.1780 30.0167 30.0167 19.1050 19.1050 0.0000
19 29.0689 59.1354 40.7063 24.6982 40.8534 62.9682 29.1548 41.0488 33.0151 33.2415 49.4975 33.0151 13.0384 19.2354 48.9183 18.0278 29.0689 0.0000 28.0179 50.1199 45.5412 29.0689 29.0689 0.0000 0.0000 28.0179 28.0179 50.1199 50.1199 45.5412 45.5412 29.0689
22 28.1780 40.1995 46.5188 7.0000 23.4094 47.5395 23.8537 18.0000 11.7047 8.0000 44.5982 50.0899 15.0000 40.6079 22.8473 17.7200 28.1780 28.0179 0.0000 28.0179 46.6154 28.1780 28.1780 28.0179 28.0179 0.0000 0.0000 28.0179 28.0179 46.6154 46.6154 28.1780
25 30.0167 13.0000 43.7379 35.0143 10.8167 22.2036 25.8070 10.0499 17.7200 20.0250 31.4006 56.7979 39.2173 53.9073 10.6301 45.3982 30.0167 50.1199 28.0179 0.0000 39.0128 30.0167 30.0167 50.1199 50.1199 28.0179 28.0179 0.0000 0.0000 39.0128 39.0128 30.0167
28 19.1050 36.4005 8.0623 50.9902 30.4138 32.2025 22.8035 39.0512 37.5766 42.4853 10.0000 26.8328 44.4072 34.0588 47.3814 55.0000 19.1050 45.5412 46.6154 39.0128 0.0000 19.1050 19.1050 45.5412 45.5412 46.6154 46.6154 39.0128 39.0128 0.0000 0.0000 19.1050
17 0.0000 34.2053 18.3848 32.0156 19.2354 35.4683 5.0000 25.4951 21.0950 25.4951 20.6155 26.9258 25.5539 25.0000 34.9285 36.0555 0.0000 29.0689 28.1780 30.0167 19.1050 0.0000 0.0000 29.0689 29.0689 28.1780 28.1780 30.0167 30.0167 19.1050 19.1050 0.0000
18 0.0000 34.2053 18.3848 32.0156 19.2354 35.4683 5.0000 25.4951 21.0950 25.4951 20.6155 26.9258 25.5539 25.0000 34.9285 36.0555 0.0000 29.0689 28.1780 30.0167 19.1050 0.0000 0.0000 29.0689 29.0689 28.1780 28.1780 30.0167 30.0167 19.1050 19.1050 0.0000
20 29.0689 59.1354 40.7063 24.6982 40.8534 62.9682 29.1548 41.0488 33.0151 33.2415 49.4975 33.0151 13.0384 19.2354 48.9183 18.0278 29.0689 0.0000 28.0179 50.1199 45.5412 29.0689 29.0689 0.0000 0.0000 28.0179 28.0179 50.1199 50.1199 45.5412 45.5412 29.0689
21 29.0689 59.1354 40.7063 24.6982 40.8534 62.9682 29.1548 41.0488 33.0151 33.2415 49.4975 33.0151 13.0384 19.2354 48.9183 18.0278 29.0689 0.0000 28.0179 50.1199 45.5412 29.0689 29.0689 0.0000 0.0000 28.0179 28.0179 50.1199 50.1199 45.5412 45.5412 29.0689
23 28.1780 40.1995 46.5188 7.0000 23.4094 47.5395 23.8537 18.0000 11.7047 8.0000 44.5982 50.0899 15.0000 40.6079 22.8473 17.7200 28.1780 28.0179 0.0000 28.0179 46.6154 28.1780 28.1780 28.0179 28.0179 0.0000 0.0000 28.0179 28.0179 46.6154 46.6154 28.1780
24 28.1780 40.1995 46.5188 7.0000 23.4094 47.5395 23.8537 18.0000 11.7047 8.0000 44.5982 50.0899 15.0000 40.6079 22.8473 17.7200 28.1780 28.0179 0.0000 28.0179 46.6154 28.1780 28.1780 28.0179 28.0179 0.0000 0.0000 28.0179 28.0179 46.6154 46.6154 28.1780
26 30.0167 13.0000 43.7379 35.0143 10.8167 22.2036 25.8070 10.0499 17.7200 20.0250 31.4006 56.7979 39.2173 53.9073 10.6301 45.3982 30.0167 50.1199 28.0179 0.0000 39.0128 30.0167 30.0167 50.1199 50.1199 28.0179 28.0179 0.0000 0.0000 39.0128 39.0128 30.0167
27 30.0167 13.0000 43.7379 35.0143 10.8167 22.2036 25.8070 10.0499 17.7200 20.0250 31.4006 56.7979 39.2173 53.9073 10.6301 45.3982 30.0167 50.1199 28.0179 0.0000 39.0128 30.0167 30.0167 50.1199 50.1199 28.0179 28.0179 0.0000 0.0000 39.0128 39.0128 30.0167
29 19.1050 36.4005 8.0623 50.9902 30.4138 32.2025 22.8035 39.0512 37.5766 42.4853 10.0000 26.8328 44.4072 34.0588 47.3814 55.0000 19.1050 45.5412 46.6154 39.0128 0.0000 19.1050 19.1050 45.5412 45.5412 46.6154 46.6154 39.0128 39.0128 0.0000 0.0000 19.1050
30 19.1050 36.4005 8.0623 50.9902 30.4138 32.2025 22.8035 39.0512 37.5766 42.4853 10.0000 26.8328 44.4072 34.0588 47.3814 55.0000 19.1050 45.5412 46.6154 39.0128 0.0000 19.1050 19.1050 45.5412 45.5412 46.6154 46.6154 39.0128 39.0128 0.0000 0.0000 19.1050
31 0.0000 34.2053 18.3848 32.0156 19.2354 35.4683 5.0000 25.4951 21.0950 25.4951 20.6155 26.9258 25.5539 25.0000 34.9285 36.0555 0.0000 29.0689 28.1780 30.0167 19.1050 0.0000 0.0000 29.0689 29.0689 28.1780 28.1780 30.0167 30.0167 19.1050 19.1050 0.0000
;