set F_UNIQ := 16 19 22 25 28 31 34;
set F_NODES[16] := 16 17 18;
set F_NODES[19] := 19 20 21;
set F_NODES[22] := 22 23 24;
set F_NODES[25] := 25 26 27;
set F_NODES[28] := 28 29 30;
set F_NODES[31] := 31 32 33;
set F_NODES[34] := 34 35 36;
#definition

# set
set V := 1 2 3 4 5 6 7 8 9 10 11 12 13 14 15 ; 	# customer set
set F := 16 19 22 25 28 31 F22
17 18  
20 21  
23 24 
26 27 
29 30  
32 33  
35 36  ;#recharging & battery swapping station
set D0 :=0;
set Dsig :=37;


# param
param CV := 200;    		# ECV fixed cost(Topic Given)
param C := 1000;   		# ECV max load
param Q := 77.75; 		# ECV/BSV battery level
param h := 1;     		# ECV consumption

param CB := 267;    		# BSV fixed cost(Topic Given)
param Qplun := 5;       # BSV max load(battery)
param hplun := 1;     	# BSV consumption
param W :=155.50;		# BSV battery level

param Ct := 10 ;		# travel cost
param Cr := 100 ;		# recharging cost
param lamda := 0.00;	# battery swap time
param Cb ;  	    # battery swap cost(BSS/BSV)
param n :=15;	   		# number of customers
param g :=1.17 ;     	# the recharging rate of ECV 



# customer demend
param m :=
0 0
1 30
2 30
3 9
4 30
5 9
6 10
7 20
8 6
9 8
10 16
11 40
12 10
13 31
14 10
15 28
16 0
19 0
22 0
25 0
28 0
31 0
34 0
17 0
18 0
20 0
21 0
23 0
24 0
26 0
27 0
29 0
30 0
32 0
33 0
35 0
36 0
37 0;

param e :=
0 0
1 352
2 0
3 0
4 0
5 0
6 0
7 0
8 0
9 645
10 0
11 0
12 0
13 268
14 0
15 0
16 0
19 0
22 0
25 0
28 0
31 0
34 0
17 0
18 0
20 0
21 0
23 0
24 0
26 0
27 0
29 0
30 0
32 0
33 0
35 0
36 0
37 0;

param l :=
0 960
1 472
2 918
3 934
4 919
5 935
6 911
7 911
8 910
9 765
10 892
11 915
12 914
13 388
14 904
15 917
16 960
19 960
22 960
25 960
28 960
31 960
34 960
17 960
18 960
20 960
21 960
23 960
24 960
26 960
27 960
29 960
30 960
32 960
33 960
35 960
36 960
37 960;

param s :=
0 0
1 10
2 10
3 10
4 10
5 10
6 10
7 10
8 10
9 10
10 10
11 10
12 10
13 10
14 10
15 10
16 0
19 0
22 0
25 0
28 0
31 0
34 0
17 0
18 0
20 0
21 0
23 0
24 0
26 0
27 0
29 0
30 0
32 0
33 0
35 0
36 0
37 0;

param d : 0 1 2 3 4 5 6 7 8 9 10 11 12 13 14 15 16 19 22 25 28 31 34 17 18 20 21 23 24 26 27 29 30 32 33 35 36 37 :=
0 0.0000 38.4708 31.6228 15.8114 30.8058 14.1421 38.0526 38.0789 39.0512 36.0555 57.0088 35.0000 35.0571 42.9418 45.0444 32.2025 0.0000 38.0789 27.5136 37.2022 24.0832 42.0595 41.6773 0.0000 0.0000 38.0789 38.0789 27.5136 27.5136 37.2022 37.2022 24.0832 24.0832 42.0595 42.0595 41.6773 41.6773 0.0000
1 38.4708 0.0000 28.2843 39.1152 17.4642 25.6125 66.5733 25.4951 76.0592 50.0000 63.0079 62.9682 64.0703 77.7946 72.5603 46.4866 38.4708 21.2132 12.0416 40.1995 37.5766 61.6847 77.0779 38.4708 38.4708 21.2132 21.2132 12.0416 12.0416 40.1995 40.1995 37.5766 37.5766 61.6847 61.6847 77.0779 77.0779 38.4708
2 31.6228 28.2843 0.0000 43.0116 37.0000 20.0000 42.5206 47.4342 58.5235 22.3607 35.3553 39.0512 40.6079 57.3062 47.4236 19.4165 31.6228 44.3847 19.4165 12.0000 13.4164 34.4819 57.2451 31.6228 31.6228 44.3847 44.3847 19.4165 19.4165 12.0000 12.0000 13.4164 13.4164 34.4819 34.4819 57.2451 57.2451 31.6228
3 15.8114 39.1152 43.0116 0.0000 25.0799 23.0217 53.0848 28.2843 49.2443 51.4782 72.1110 50.2494 50.0899 55.0818 60.0750 47.5079 15.8114 30.0000 31.5753 50.9313 38.6005 57.8705 53.4509 15.8114 15.8114 30.0000 30.0000 31.5753 31.5753 50.9313 50.9313 38.6005 38.6005 57.8705 57.8705 53.4509 53.4509 15.8114
4 30.8058 17.4642 37.0000 25.0799 0.0000 23.3452 66.0984 10.4403 69.8140 55.0364 72.0347 62.6418 63.2456 73.5731 72.8011 51.0098 30.8058 8.0623 17.8885 48.5077 41.0000 65.1920 72.4017 30.8058 30.8058 8.0623 8.0623 17.8885 17.8885 48.5077 48.5077 41.0000 41.0000 65.1920 65.1920 72.4017 72.4017 30.8058
5 14.1421 25.6125 20.0000 23.0217 23.3452 0.0000 43.0813 33.0151 50.4480 32.5576 51.4782 39.5601 40.3113 52.4976 49.6488 28.4429 14.1421 31.4006 13.8924 28.8444 18.4391 42.0119 51.6624 14.1421 14.1421 31.4006 31.4006 13.8924 13.8924 28.8444 28.8444 18.4391 18.4391 42.0119 42.0119 51.6624 51.6624 14.1421
6 38.0526 66.5733 42.5206 53.0848 66.0984 43.0813 0.0000 74.9533 24.3516 23.4094 37.6563 3.6056 3.0000 18.0000 7.0000 24.1868 38.0526 74.0405 54.7083 35.7771 29.7321 15.1327 19.1050 38.0526 38.0526 74.0405 74.0405 54.7083 54.7083 35.7771 35.7771 29.7321 29.7321 15.1327 15.1327 19.1050 19.1050 38.0526
7 38.0789 25.4951 47.4342 28.2843 10.4403 33.0151 74.9533 0.0000 76.3217 65.1920 82.4621 71.5891 72.0347 80.9568 81.7863 61.1310 38.0789 4.4721 28.2312 58.9406 51.0882 75.0267 79.6053 38.0789 38.0789 4.4721 4.4721 28.2312 28.2312 58.9406 58.9406 51.0882 51.0882 75.0267 75.0267 79.6053 79.6053 38.0789
8 39.0512 76.0592 58.5235 49.2443 69.8140 50.4480 24.3516 76.3217 0.0000 45.0000 61.8466 25.4951 23.5372 9.4340 27.4591 44.1814 39.0512 76.8440 64.2028 55.5788 45.2217 39.2938 7.2111 39.0512 39.0512 76.8440 76.8440 64.2028 64.2028 55.5788 55.5788 45.2217 45.2217 39.2938 39.2938 7.2111 7.2111 39.0512
9 36.0555 50.0000 22.3607 51.4782 55.0364 32.5576 23.4094 65.1920 45.0000 0.0000 21.2132 20.6155 22.5610 40.7922 26.6271 4.1231 36.0555 63.0079 39.4588 12.8062 14.1421 12.2066 41.4367 36.0555 36.0555 63.0079 63.0079 39.4588 39.4588 12.8062 12.8062 14.1421 14.1421 12.2066 12.2066 41.4367 41.4367 36.0555
10 57.0088 63.0079 35.3553 72.1110 72.0347 51.4782 37.6563 82.4621 61.8466 21.2132 0.0000 36.4005 38.3275 55.4437 37.0000 24.8395 57.0088 79.6241 54.7449 23.5372 33.6155 22.5610 56.7186 57.0088 57.0088 79.6241 79.6241 54.7449 54.7449 23.5372 23.5372 33.6155 33.6155 22.5610 22.5610 56.7186 56.7186 57.0088
11 35.0000 62.9682 39.0512 50.2494 62.6418 39.5601 3.6056 71.5891 25.4951 20.6155 36.4005 0.0000 2.0000 20.2237 10.1980 21.0238 35.0000 70.6045 51.1077 32.6956 26.1725 13.9284 21.0238 35.0000 35.0000 70.6045 70.6045 51.1077 51.1077 32.6956 32.6956 26.1725 26.1725 13.9284 13.9284 21.0238 21.0238 35.0000
12 35.0571 64.0703 40.6079 50.0899 63.2456 40.3113 3.0000 72.0347 23.5372 22.5610 38.3275 2.0000 0.0000 18.2483 10.0000 22.8473 35.0571 71.1688 52.1536 34.5398 27.5862 15.8114 19.0263 35.0571 35.0571 71.1688 71.1688 52.1536 52.1536 34.5398 34.5398 27.5862 27.5862 15.8114 15.8114 19.0263 19.0263 35.0571
13 42.9418 77.7946 57.3062 55.0818 73.5731 52.4976 18.0000 80.9568 9.4340 40.7922 55.4437 20.2237 18.2483 0.0000 19.3132 40.8044 42.9418 81.0062 65.7647 52.4976 43.9090 33.0606 2.2361 42.9418 42.9418 81.0062 81.0062 65.7647 65.7647 52.4976 52.4976 43.9090 43.9090 33.0606 33.0606 2.2361 2.2361 42.9418
14 45.0444 72.5603 47.4236 60.0750 72.8011 49.6488 7.0000 81.7863 27.4591 26.6271 37.0000 10.1980 10.0000 19.3132 0.0000 28.3196 45.0444 80.7775 60.8276 39.4081 35.2278 15.8114 21.0238 45.0444 45.0444 80.7775 80.7775 60.8276 60.8276 39.4081 39.4081 35.2278 35.2278 15.8114 15.8114 21.0238 21.0238 45.0444
15 32.2025 46.4866 19.4165 47.5079 51.0098 28.4429 24.1868 61.1310 44.1814 4.1231 24.8395 21.0238 22.8473 40.8044 28.3196 0.0000 32.2025 59.0000 35.6931 11.7047 10.0499 15.2315 41.2311 32.2025 32.2025 59.0000 59.0000 35.6931 35.6931 11.7047 11.7047 10.0499 10.0499 15.2315 15.2315 41.2311 41.2311 32.2025
16 0.0000 38.4708 31.6228 15.8114 30.8058 14.1421 38.0526 38.0789 39.0512 36.0555 57.0088 35.0000 35.0571 42.9418 45.0444 32.2025 0.0000 38.0789 27.5136 37.2022 24.0832 42.0595 41.6773 0.0000 0.0000 38.0789 38.0789 27.5136 27.5136 37.2022 37.2022 24.0832 24.0832 42.0595 42.0595 41.6773 41.6773 0.0000
19 38.0789 21.2132 44.3847 30.0000 8.0623 31.4006 74.0405 4.4721 76.8440 63.0079 79.6241 70.6045 71.1688 81.0062 80.7775 59.0000 38.0789 0.0000 25.0000 56.0892 49.0102 73.2462 79.7559 38.0789 38.0789 0.0000 0.0000 25.0000 25.0000 56.0892 56.0892 49.0102 49.0102 73.2462 73.2462 79.7559 79.7559 38.0789
22 27.5136 12.0416 19.4165 31.5753 17.8885 13.8924 54.7083 28.2312 64.2028 39.4588 54.7449 51.1077 52.1536 65.7647 60.8276 35.6931 27.5136 25.0000 0.0000 31.2570 26.2488 50.6952 65.0692 27.5136 27.5136 25.0000 25.0000 0.0000 0.0000 31.2570 31.2570 26.2488 26.2488 50.6952 50.6952 65.0692 65.0692 27.5136
25 37.2022 40.1995 12.0000 50.9313 48.5077 28.8444 35.7771 58.9406 55.5788 12.8062 23.5372 32.6956 34.5398 52.4976 39.4081 11.7047 37.2022 56.0892 31.2570 0.0000 13.4164 24.7588 52.8867 37.2022 37.2022 56.0892 56.0892 31.2570 31.2570 0.0000 0.0000 13.4164 13.4164 24.7588 24.7588 52.8867 52.8867 37.2022
28 24.0832 37.5766 13.4164 38.6005 41.0000 18.4391 29.7321 51.0882 45.2217 14.1421 33.6155 26.1725 27.5862 43.9090 35.2278 10.0499 24.0832 49.0102 26.2488 13.4164 0.0000 24.5153 43.8292 24.0832 24.0832 49.0102 49.0102 26.2488 26.2488 13.4164 13.4164 0.0000 0.0000 24.5153 24.5153 43.8292 43.8292 24.0832
31 42.0595 61.6847 34.4819 57.8705 65.1920 42.0119 15.1327 75.0267 39.2938 12.2066 22.5610 13.9284 15.8114 33.0606 15.8114 15.2315 42.0595 73.2462 50.6952 24.7588 24.5153 0.0000 34.2345 42.0595 42.0595 73.2462 73.2462 50.6952 50.6952 24.7588 24.7588 24.5153 24.5153 0.0000 0.0000 34.2345 34.2345 42.0595
34 41.6773 77.0779 57.2451 53.4509 72.4017 51.6624 19.1050 79.6053 7.2111 41.4367 56.7186 21.0238 19.0263 2.2361 21.0238 41.2311 41.6773 79.7559 65.0692 52.8867 43.8292 34.2345 0.0000 41.6773 41.6773 79.7559 79.7559 65.0692 65.0692 52.8867 52.8867 43.8292 43.8292 34.2345 34.2345 0.0000 0.0000 41.6773
17 0.0000 38.4708 31.6228 15.8114 30.8058 14.1421 38.0526 38.0789 39.0512 36.0555 57.0088 35.0000 35.0571 42.9418 45.0444 32.2025 0.0000 38.0789 27.5136 37.2022 24.0832 42.0595 41.6773 0.0000 0.0000 38.0789 38.0789 27.5136 27.5136 37.2022 37.2022 24.0832 24.0832 42.0595 42.0595 41.6773 41.6773 0.0000
18 0.0000 38.4708 31.6228 15.8114 30.8058 14.1421 38.0526 38.0789 39.0512 36.0555 57.0088 35.0000 35.0571 42.9418 45.0444 32.2025 0.0000 38.0789 27.5136 37.2022 24.0832 42.0595 41.6773 0.0000 0.0000 38.0789 38.0789 27.5136 27.5136 37.2022 37.2022 24.0832 24.0832 42.0595 42.0595 41.6773 41.6773 0.0000
20 38.0789 21.2132 44.3847 30.0000 8.0623 31.4006 74.0405 4.4721 76.8440 63.0079 79.6241 70.6045 71.1688 81.0062 80.7775 59.0000 38.0789 0.0000 25.0000 56.0892 49.0102 73.2462 79.7559 38.0789 38.0789 0.0000 0.0000 25.0000 25.0000 56.0892 56.0892 49.0102 49.0102 73.2462 73.2462 79.7559 79.7559 38.0789
21 38.0789 21.2132 44.3847 30.0000 8.0623 31.4006 74.0405 4.4721 76.8440 63.0079 79.6241 70.6045 71.1688 81.0062 80.7775 59.0000 38.0789 0.0000 25.0000 56.0892 49.0102 73.2462 79.7559 38.0789 38.0789 0.0000 0.0000 25.0000 25.0000 56.0892 56.0892 49.0102 49.0102 73.2462 73.2462 79.7559 79.7559 38.0789
23 27.5136 12.0416 19.4165 31.5753 17.8885 13.8924 54.7083 28.2312 64.2028 39.4588 54.7449 51.1077 52.1536 65.7647 60.8276 35.6931 27.5136 25.0000 0.0000 31.2570 26.2488 50.6952 65.0692 27.5136 27.5136 25.0000 25.0000 0.0000 0.0000 31.2570 31.2570 26.2488 26.2488 50.6952 50.6952 65.0692 65.0692 27.5136
24 27.5136 12.0416 19.4165 31.5753 17.8885 13.8924 54.7083 28.2312 64.2028 39.4588 54.7449 51.1077 52.1536 65.7647 60.8276 35.6931 27.5136 25.0000 0.0000 31.2570 26.2488 50.6952 65.0692 27.5136 27.5136 25.0000 25.0000 0.0000 0.0000 31.2570 31.2570 26.2488 26.2488 50.6952 50.6952 65.0692 65.0692 27.5136
26 37.2022 40.1995 12.0000 50.9313 48.5077 28.8444 35.7771 58.9406 55.5788 12.8062 23.5372 32.6956 34.5398 52.4976 39.4081 11.7047 37.2022 56.0892 31.2570 0.0000 13.4164 24.7588 52.8867 37.2022 37.2022 56.0892 56.0892 31.2570 31.2570 0.0000 0.0000 13.4164 13.4164 24.7588 24.7588 52.8867 52.8867 37.2022
27 37.2022 40.1995 12.0000 50.9313 48.5077 28.8444 35.7771 58.9406 55.5788 12.8062 23.5372 32.6956 34.5398 52.4976 39.4081 11.7047 37.2022 56.0892 31.2570 0.0000 13.4164 24.7588 52.8867 37.2022 37.2022 56.0892 56.0892 31.2570 31.2570 0.0000 0.0000 13.4164 13.4164 24.7588 24.7588 52.8867 52.8867 37.2022
29 24.0832 37.5766 13.4164 38.6005 41.0000 18.4391 29.7321 51.0882 45.2217 14.1421 33.6155 26.1725 27.5862 43.9090 35.2278 10.0499 24.0832 49.0102 26.2488 13.4164 0.0000 24.5153 43.8292 24.0832 24.0832 49.0102 49.0102 26.2488 26.2488 13.4164 13.4164 0.0000 0.0000 24.5153 24.5153 43.8292 43.8292 24.0832
30 24.0832 37.5766 13.4164 38.6005 41.0000 18.4391 29.7321 51.0882 45.2217 14.1421 33.6155 26.1725 27.5862 43.9090 35.2278 10.0499 24.0832 49.0102 26.2488 13.4164 0.0000 24.5153 43.8292 24.0832 24.0832 49.0102 49.0102 26.2488 26.2488 13.4164 13.4164 0.0000 0.0000 24.5153 24.5153 43.8292 43.8292 24.0832
32 42.0595 61.6847 34.4819 57.8705 65.1920 42.0119 15.1327 75.0267 39.2938 12.2066 22.5610 13.9284 15.8114 33.0606 15.8114 15.2315 42.0595 73.2462 50.6952 24.7588 24.5153 0.0000 34.2345 42.0595 42.0595 73.2462 73.2462 50.6952 50.6952 24.7588 24.7588 24.5153 24.5153 0.0000 0.0000 34.2345 34.2345 42.0595
33 42.0595 61.6847 34.4819 57.8705 65.1920 42.0119 15.1327 75.0267 39.2938 12.2066 22.5610 13.9284 15.8114 33.0606 15.8114 15.2315 42.0595 73.2462 50.6952 24.7588 24.5153 0.0000 34.2345 42.0595 42.0595 73.2462 73.2462 50.6952 50.6952 24.7588 24.7588 24.5153 24.5153 0.0000 0.0000 34.2345 34.2345 42.0595
35 41.6773 77.0779 57.2451 53.4509 72.4017 51.6624 19.1050 79.6053 7.2111 41.4367 56.7186 21.0238 19.0263 2.2361 21.0238 41.2311 41.6773 79.7559 65.0692 52.8867 43.8292 34.2345 0.0000 41.6773 41.6773 79.7559 79.7559 65.0692 65.0692 52.8867 52.8867 43.8292 43.8292 34.2345 34.2345 0.0000 0.0000 41.6773
36 41.6773 77.0779 57.2451 53.4509 72.4017 51.6624 19.1050 79.6053 7.2111 41.4367 56.7186 21.0238 19.0263 2.2361 21.0238 41.2311 41.6773 79.7559 65.0692 52.8867 43.8292 34.2345 0.0000 41.6773 41.6773 79.7559 79.7559 65.0692 65.0692 52.8867 52.8867 43.8292 43.8292 34.2345 34.2345 0.0000 0.0000 41.6773
37 0.0000 38.4708 31.6228 15.8114 30.8058 14.1421 38.0526 38.0789 39.0512 36.0555 57.0088 35.0000 35.0571 42.9418 45.0444 32.2025 0.0000 38.0789 27.5136 37.2022 24.0832 42.0595 41.6773 0.0000 0.0000 38.0789 38.0789 27.5136 27.5136 37.2022 37.2022 24.0832 24.0832 42.0595 42.0595 41.6773 41.6773 0.0000
;

param t : 0 1 2 3 4 5 6 7 8 9 10 11 12 13 14 15 16 19 22 25 28 31 34 17 18 20 21 23 24 26 27 29 30 32 33 35 36 37 :=
0 0.0000 38.4708 31.6228 15.8114 30.8058 14.1421 38.0526 38.0789 39.0512 36.0555 57.0088 35.0000 35.0571 42.9418 45.0444 32.2025 0.0000 38.0789 27.5136 37.2022 24.0832 42.0595 41.6773 0.0000 0.0000 38.0789 38.0789 27.5136 27.5136 37.2022 37.2022 24.0832 24.0832 42.0595 42.0595 41.6773 41.6773 0.0000
1 38.4708 0.0000 28.2843 39.1152 17.4642 25.6125 66.5733 25.4951 76.0592 50.0000 63.0079 62.9682 64.0703 77.7946 72.5603 46.4866 38.4708 21.2132 12.0416 40.1995 37.5766 61.6847 77.0779 38.4708 38.4708 21.2132 21.2132 12.0416 12.0416 40.1995 40.1995 37.5766 37.5766 61.6847 61.6847 77.0779 77.0779 38.4708
2 31.6228 28.2843 0.0000 43.0116 37.0000 20.0000 42.5206 47.4342 58.5235 22.3607 35.3553 39.0512 40.6079 57.3062 47.4236 19.4165 31.6228 44.3847 19.4165 12.0000 13.4164 34.4819 57.2451 31.6228 31.6228 44.3847 44.3847 19.4165 19.4165 12.0000 12.0000 13.4164 13.4164 34.4819 34.4819 57.2451 57.2451 31.6228
3 15.8114 39.1152 43.0116 0.0000 25.0799 23.0217 53.0848 28.2843 49.2443 51.4782 72.1110 50.2494 50.0899 55.0818 60.0750 47.5079 15.8114 30.0000 31.5753 50.9313 38.6005 57.8705 53.4509 15.8114 15.8114 30.0000 30.0000 31.5753 31.5753 50.9313 50.9313 38.6005 38.6005 57.8705 57.8705 53.4509 53.4509 15.8114
4 30.8058 17.4642 37.0000 25.0799 0.0000 23.3452 66.0984 10.4403 69.8140 55.0364 72.0347 62.6418 63.2456 73.5731 72.8011 51.0098 30.8058 8.0623 17.8885 48.5077 41.0000 65.1920 72.4017 30.8058 30.8058 8.0623 8.0623 17.8885 17.8885 48.5077 48.5077 41.0000 41.0000 65.1920 65.1920 72.4017 72.4017 30.8058
5 14.1421 25.6125 20.0000 23.0217 23.3452 0.0000 43.0813 33.0151 50.4480 32.5576 51.4782 39.5601 40.3113 52.4976 49.6488 28.4429 14.1421 31.4006 13.8924 28.8444 18.4391 42.0119 51.6624 14.1421 14.1421 31.4006 31.4006 13.8924 13.8924 28.8444 28.8444 18.4391 18.4391 42.0119 42.0119 51.6624 51.6624 14.1421
6 38.0526 66.5733 42.5206 53.0848 66.0984 43.0813 0.0000 74.9533 24.3516 23.4094 37.6563 3.6056 3.0000 18.0000 7.0000 24.1868 38.0526 74.0405 54.7083 35.7771 29.7321 15.1327 19.1050 38.0526 38.0526 74.0405 74.0405 54.7083 54.7083 35.7771 35.7771 29.7321 29.7321 15.1327 15.1327 19.1050 19.1050 38.0526
7 38.0789 25.4951 47.4342 28.2843 10.4403 33.0151 74.9533 0.0000 76.3217 65.1920 82.4621 71.5891 72.0347 80.9568 81.7863 61.1310 38.0789 4.4721 28.2312 58.9406 51.0882 75.0267 79.6053 38.0789 38.0789 4.4721 4.4721 28.2312 28.2312 58.9406 58.9406 51.0882 51.0882 75.0267 75.0267 79.6053 79.6053 38.0789
8 39.0512 76.0592 58.5235 49.2443 69.8140 50.4480 24.3516 76.3217 0.0000 45.0000 61.8466 25.4951 23.5372 9.4340 27.4591 44.1814 39.0512 76.8440 64.2028 55.5788 45.2217 39.2938 7.2111 39.0512 39.0512 76.8440 76.8440 64.2028 64.2028 55.5788 55.5788 45.2217 45.2217 39.2938 39.2938 7.2111 7.2111 39.0512
9 36.0555 50.0000 22.3607 51.4782 55.0364 32.5576 23.4094 65.1920 45.0000 0.0000 21.2132 20.6155 22.5610 40.7922 26.6271 4.1231 36.0555 63.0079 39.4588 12.8062 14.1421 12.2066 41.4367 36.0555 36.0555 63.0079 63.0079 39.4588 39.4588 12.8062 12.8062 14.1421 14.1421 12.2066 12.2066 41.4367 41.4367 36.0555
10 57.0088 63.0079 35.3553 72.1110 72.0347 51.4782 37.6563 82.4621 61.8466 21.2132 0.0000 36.4005 38.3275 55.4437 37.0000 24.8395 57.0088 79.6241 54.7449 23.5372 33.6155 22.5610 56.7186 57.0088 57.0088 79.6241 79.6241 54.7449 54.7449 23.5372 23.5372 33.6155 33.6155 22.5610 22.5610 56.7186 56.7186 57.0088
11 35.0000 62.9682 39.0512 50.2494 62.6418 39.5601 3.6056 71.5891 25.4951 20.6155 36.4005 0.0000 2.0000 20.2237 10.1980 21.0238 35.0000 70.6045 51.1077 32.6956 26.1725 13.9284 21.0238 35.0000 35.0000 70.6045 70.6045 51.1077 51.1077 32.6956 32.6956 26.1725 26.1725 13.9284 13.9284 21.0238 21.0238 35.0000
12 35.0571 64.0703 40.6079 50.0899 63.2456 40.3113 3.0000 72.0347 23.5372 22.5610 38.3275 2.0000 0.0000 18.2483 10.0000 22.8473 35.0571 71.1688 52.1536 34.5398 27.5862 15.8114 19.0263 35.0571 35.0571 71.1688 71.1688 52.1536 52.1536 34.5398 34.5398 27.5862 27.5862 15.8114 15.8114 19.0263 19.0263 35.0571
13 42.9418 77.7946 57.3062 55.0818 73.5731 52.4976 18.0000 80.9568 9.4340 40.7922 55.4437 20.2237 18.2483 0.0000 19.3132 40.8044 42.9418 81.0062 65.7647 52.4976 43.9090 33.0606 2.2361 42.9418 42.9418 81.0062 81.0062 65.7647 65.7647 52.4976 52.4976 43.9090 43.9090 33.0606 33.0606 2.2361 2.2361 42.9418
14 45.0444 72.5603 47.4236 60.0750 72.8011 49.6488 7.0000 81.7863 27.4591 26.6271 37.0000 10.1980 10.0000 19.3132 0.0000 28.3196 45.0444 80.7775 60.8276 39.4081 35.2278 15.8114 21.0238 45.0444 45.0444 80.7775 80.7775 60.8276 60.8276 39.4081 39.4081 35.2278 35.2278 15.8114 15.8114 21.0238 21.0238 45.0444
15 32.2025 46.4866 19.4165 47.5079 51.0098 28.4429 24.1868 61.1310 44.1814 4.1231 24.8395 21.0238 22.8473 40.8044 28.3196 0.0000 32.2025 59.0000 35.6931 11.7047 10.0499 15.2315 41.2311 32.2025 32.2025 59.0000 59.0000 35.6931 35.6931 11.7047 11.7047 10.0499 10.0499 15.2315 15.2315 41.2311 41.2311 32.2025
16 0.0000 38.4708 31.6228 15.8114 30.8058 14.1421 38.0526 38.0789 39.0512 36.0555 57.0088 35.0000 35.0571 42.9418 45.0444 32.2025 0.0000 38.0789 27.5136 37.2022 24.0832 42.0595 41.6773 0.0000 0.0000 38.0789 38.0789 27.5136 27.5136 37.2022 37.2022 24.0832 24.0832 42.0595 42.0595 41.6773 41.6773 0.0000
19 38.0789 21.2132 44.3847 30.0000 8.0623 31.4006 74.0405 4.4721 76.8440 63.0079 79.6241 70.6045 71.1688 81.0062 80.7775 59.0000 38.0789 0.0000 25.0000 56.0892 49.0102 73.2462 79.7559 38.0789 38.0789 0.0000 0.0000 25.0000 25.0000 56.0892 56.0892 49.0102 49.0102 73.2462 73.2462 79.7559 79.7559 38.0789
22 27.5136 12.0416 19.4165 31.5753 17.8885 13.8924 54.7083 28.2312 64.2028 39.4588 54.7449 51.1077 52.1536 65.7647 60.8276 35.6931 27.5136 25.0000 0.0000 31.2570 26.2488 50.6952 65.0692 27.5136 27.5136 25.0000 25.0000 0.0000 0.0000 31.2570 31.2570 26.2488 26.2488 50.6952 50.6952 65.0692 65.0692 27.5136
25 37.2022 40.1995 12.0000 50.9313 48.5077 28.8444 35.7771 58.9406 55.5788 12.8062 23.5372 32.6956 34.5398 52.4976 39.4081 11.7047 37.2022 56.0892 31.2570 0.0000 13.4164 24.7588 52.8867 37.2022 37.2022 56.0892 56.0892 31.2570 31.2570 0.0000 0.0000 13.4164 13.4164 24.7588 24.7588 52.8867 52.8867 37.2022
28 24.0832 37.5766 13.4164 38.6005 41.0000 18.4391 29.7321 51.0882 45.2217 14.1421 33.6155 26.1725 27.5862 43.9090 35.2278 10.0499 24.0832 49.0102 26.2488 13.4164 0.0000 24.5153 43.8292 24.0832 24.0832 49.0102 49.0102 26.2488 26.2488 13.4164 13.4164 0.0000 0.0000 24.5153 24.5153 43.8292 43.8292 24.0832
31 42.0595 61.6847 34.4819 57.8705 65.1920 42.0119 15.1327 75.0267 39.2938 12.2066 22.5610 13.9284 15.8114 33.0606 15.8114 15.2315 42.0595 73.2462 50.6952 24.7588 24.5153 0.0000 34.2345 42.0595 42.0595 73.2462 73.2462 50.6952 50.6952 24.7588 24.7588 24.5153 24.5153 0.0000 0.0000 34.2345 34.2345 42.0595
34 41.6773 77.0779 57.2451 53.4509 72.4017 51.6624 19.1050 79.6053 7.2111 41.4367 56.7186 21.0238 19.0263 2.2361 21.0238 41.2311 41.6773 79.7559 65.0692 52.8867 43.8292 34.2345 0.0000 41.6773 41.6773 79.7559 79.7559 65.0692 65.0692 52.8867 52.8867 43.8292 43.8292 34.2345 34.2345 0.0000 0.0000 41.6773
17 0.0000 38.4708 31.6228 15.8114 30.8058 14.1421 38.0526 38.0789 39.0512 36.0555 57.0088 35.0000 35.0571 42.9418 45.0444 32.2025 0.0000 38.0789 27.5136 37.2022 24.0832 42.0595 41.6773 0.0000 0.0000 38.0789 38.0789 27.5136 27.5136 37.2022 37.2022 24.0832 24.0832 42.0595 42.0595 41.6773 41.6773 0.0000
18 0.0000 38.4708 31.6228 15.8114 30.8058 14.1421 38.0526 38.0789 39.0512 36.0555 57.0088 35.0000 35.0571 42.9418 45.0444 32.2025 0.0000 38.0789 27.5136 37.2022 24.0832 42.0595 41.6773 0.0000 0.0000 38.0789 38.0789 27.5136 27.5136 37.2022 37.2022 24.0832 24.0832 42.0595 42.0595 41.6773 41.6773 0.0000
20 38.0789 21.2132 44.3847 30.0000 8.0623 31.4006 74.0405 4.4721 76.8440 63.0079 79.6241 70.6045 71.1688 81.0062 80.7775 59.0000 38.0789 0.0000 25.0000 56.0892 49.0102 73.2462 79.7559 38.0789 38.0789 0.0000 0.0000 25.0000 25.0000 56.0892 56.0892 49.0102 49.0102 73.2462 73.2462 79.7559 79.7559 38.0789
21 38.0789 21.2132 44.3847 30.0000 8.0623 31.4006 74.0405 4.4721 76.8440 63.0079 79.6241 70.6045 71.1688 81.0062 80.7775 59.0000 38.0789 0.0000 25.0000 56.0892 49.0102 73.2462 79.7559 38.0789 38.0789 0.0000 0.0000 25.0000 25.0000 56.0892 56.0892 49.0102 49.0102 73.2462 73.2462 79.7559 79.7559 38.0789
23 27.5136 12.0416 19.4165 31.5753 17.8885 13.8924 54.7083 28.2312 64.2028 39.4588 54.7449 51.1077 52.1536 65.7647 60.8276 35.6931 27.5136 25.0000 0.0000 31.2570 26.2488 50.6952 65.0692 27.5136 27.5136 25.0000 25.0000 0.0000 0.0000 31.2570 31.2570 26.2488 26.2488 50.6952 50.6952 65.0692 65.0692 27.5136
24 27.5136 12.0416 19.4165 31.5753 17.8885 13.8924 54.7083 28.2312 64.2028 39.4588 54.7449 51.1077 52.1536 65.7647 60.8276 35.6931 27.5136 25.0000 0.0000 31.2570 26.2488 50.6952 65.0692 27.5136 27.5136 25.0000 25.0000 0.0000 0.0000 31.2570 31.2570 26.2488 26.2488 50.6952 50.6952 65.0692 65.0692 27.5136
26 37.2022 40.1995 12.0000 50.9313 48.5077 28.8444 35.7771 58.9406 55.5788 12.8062 23.5372 32.6956 34.5398 52.4976 39.4081 11.7047 37.2022 56.0892 31.2570 0.0000 13.4164 24.7588 52.8867 37.2022 37.2022 56.0892 56.0892 31.2570 31.2570 0.0000 0.0000 13.4164 13.4164 24.7588 24.7588 52.8867 52.8867 37.2022
27 37.2022 40.1995 12.0000 50.9313 48.5077 28.8444 35.7771 58.9406 55.5788 12.8062 23.5372 32.6956 34.5398 52.4976 39.4081 11.7047 37.2022 56.0892 31.2570 0.0000 13.4164 24.7588 52.8867 37.2022 37.2022 56.0892 56.0892 31.2570 31.2570 0.0000 0.0000 13.4164 13.4164 24.7588 24.7588 52.8867 52.8867 37.2022
29 24.0832 37.5766 13.4164 38.6005 41.0000 18.4391 29.7321 51.0882 45.2217 14.1421 33.6155 26.1725 27.5862 43.9090 35.2278 10.0499 24.0832 49.0102 26.2488 13.4164 0.0000 24.5153 43.8292 24.0832 24.0832 49.0102 49.0102 26.2488 26.2488 13.4164 13.4164 0.0000 0.0000 24.5153 24.5153 43.8292 43.8292 24.0832
30 24.0832 37.5766 13.4164 38.6005 41.0000 18.4391 29.7321 51.0882 45.2217 14.1421 33.6155 26.1725 27.5862 43.9090 35.2278 10.0499 24.0832 49.0102 26.2488 13.4164 0.0000 24.5153 43.8292 24.0832 24.0832 49.0102 49.0102 26.2488 26.2488 13.4164 13.4164 0.0000 0.0000 24.5153 24.5153 43.8292 43.8292 24.0832
32 42.0595 61.6847 34.4819 57.8705 65.1920 42.0119 15.1327 75.0267 39.2938 12.2066 22.5610 13.9284 15.8114 33.0606 15.8114 15.2315 42.0595 73.2462 50.6952 24.7588 24.5153 0.0000 34.2345 42.0595 42.0595 73.2462 73.2462 50.6952 50.6952 24.7588 24.7588 24.5153 24.5153 0.0000 0.0000 34.2345 34.2345 42.0595
33 42.0595 61.6847 34.4819 57.8705 65.1920 42.0119 15.1327 75.0267 39.2938 12.2066 22.5610 13.9284 15.8114 33.0606 15.8114 15.2315 42.0595 73.2462 50.6952 24.7588 24.5153 0.0000 34.2345 42.0595 42.0595 73.2462 73.2462 50.6952 50.6952 24.7588 24.7588 24.5153 24.5153 0.0000 0.0000 34.2345 34.2345 42.0595
35 41.6773 77.0779 57.2451 53.4509 72.4017 51.6624 19.1050 79.6053 7.2111 41.4367 56.7186 21.0238 19.0263 2.2361 21.0238 41.2311 41.6773 79.7559 65.0692 52.8867 43.8292 34.2345 0.0000 41.6773 41.6773 79.7559 79.7559 65.0692 65.0692 52.8867 52.8867 43.8292 43.8292 34.2345 34.2345 0.0000 0.0000 41.6773
36 41.6773 77.0779 57.2451 53.4509 72.4017 51.6624 19.1050 79.6053 7.2111 41.4367 56.7186 21.0238 19.0263 2.2361 21.0238 41.2311 41.6773 79.7559 65.0692 52.8867 43.8292 34.2345 0.0000 41.6773 41.6773 79.7559 79.7559 65.0692 65.0692 52.8867 52.8867 43.8292 43.8292 34.2345 34.2345 0.0000 0.0000 41.6773
37 0.0000 38.4708 31.6228 15.8114 30.8058 14.1421 38.0526 38.0789 39.0512 36.0555 57.0088 35.0000 35.0571 42.9418 45.0444 32.2025 0.0000 38.0789 27.5136 37.2022 24.0832 42.0595 41.6773 0.0000 0.0000 38.0789 38.0789 27.5136 27.5136 37.2022 37.2022 24.0832 24.0832 42.0595 42.0595 41.6773 41.6773 0.0000
;