set F_UNIQ := 16 19 22 25 28;
set F_NODES[16] := 16 17 18;
set F_NODES[19] := 19 20 21;
set F_NODES[22] := 22 23 24;
set F_NODES[25] := 25 26 27;
set F_NODES[28] := 28 29 30;
#definition

# set
set V := 1 2 3 4 5 6 7 8 9 10 11 12 13 14 15 ; 	# customer set
set F := 16 19 22 25 F20
17 18  
20 21  
23 24 
26 27 
29 30  ;#recharging & battery swapping station
set D0 :=0;
set Dsig :=31;


# param
param CV := 200;    		# ECV fixed cost(Topic Given)
param C := 1000;   		# ECV max load
param Q := 77.75; 		# ECV/BSV battery level
param h := 1;     		# ECV consumption

param CB := 267;    		# BSV fixed cost(Topic Given)
param Qplun := 5;       # BSV max load(battery)
param hplun := 1;     	# BSV consumption
param W :=155.50;		# BSV battery level

param Ct := 10 ;		# travel cost
param Cr := 100 ;		# recharging cost
param lamda := 0.00;	# battery swap time
param Cb ;  	    # battery swap cost(BSS/BSV)
param n :=15;	   		# number of customers
param g :=1.17 ;     	# the recharging rate of ECV 



# customer demend
param m :=
0 0
1 6
2 40
3 30
4 6
5 20
6 8
7 10
8 20
9 20
10 10
11 10
12 23
13 17
14 3
15 10
16 0
19 0
22 0
25 0
28 0
17 0
18 0
20 0
21 0
23 0
24 0
26 0
27 0
29 0
30 0
31 0;

param e :=
0 0
1 0
2 195
3 0
4 359
5 335
6 0
7 37
8 574
9 0
10 105
11 0
12 397
13 191
14 0
15 489
16 0
19 0
22 0
25 0
28 0
17 0
18 0
20 0
21 0
23 0
24 0
26 0
27 0
29 0
30 0
31 0;

param l :=
0 960
1 929
2 315
3 914
4 479
5 455
6 922
7 157
8 694
9 911
10 225
11 909
12 517
13 311
14 925
15 609
16 960
19 960
22 960
25 960
28 960
17 960
18 960
20 960
21 960
23 960
24 960
26 960
27 960
29 960
30 960
31 960;

param s :=
0 0
1 10
2 10
3 10
4 10
5 10
6 10
7 10
8 10
9 10
10 10
11 10
12 10
13 10
14 10
15 10
16 0
19 0
22 0
25 0
28 0
17 0
18 0
20 0
21 0
23 0
24 0
26 0
27 0
29 0
30 0
31 0;

param d : 0 1 2 3 4 5 6 7 8 9 10 11 12 13 14 15 16 19 22 25 28 17 18 20 21 23 24 26 27 29 30 31 :=
0 0.0000 20.6155 33.5261 35.3412 4.2426 45.1774 27.4591 37.7359 38.0789 38.0789 38.3275 40.6079 26.9258 20.6155 25.0000 37.2022 0.0000 36.2353 38.0789 24.0832 42.7551 0.0000 0.0000 36.2353 36.2353 38.0789 38.0789 24.0832 24.0832 42.7551 42.7551 0.0000
1 20.6155 0.0000 48.0937 16.1245 21.4709 34.1760 28.8617 57.6281 48.0104 57.1402 54.5894 45.8912 28.6356 13.0384 31.7805 57.3847 20.6155 45.0111 57.8014 34.1321 30.0832 20.6155 20.6155 45.0111 45.0111 57.8014 57.8014 34.1321 34.1321 30.0832 30.0832 20.6155
2 33.5261 48.0937 0.0000 64.1950 29.8329 50.2096 60.4152 43.6807 65.0692 48.1041 7.8102 70.8025 26.6271 38.3275 19.7231 41.2311 33.5261 64.5368 44.9222 15.2315 51.2250 33.5261 33.5261 64.5368 64.5368 44.9222 44.9222 15.2315 15.2315 51.2250 51.2250 33.5261
3 35.3412 16.1245 64.1950 0.0000 37.0000 41.0366 31.3209 70.0928 52.8110 68.6222 70.7107 47.5184 43.1741 27.4591 47.2652 70.2922 35.3412 49.3356 70.0357 50.0100 36.1248 35.3412 35.3412 49.3356 49.3356 70.0357 70.0357 50.0100 50.0100 36.1248 36.1248 35.3412
4 4.2426 21.4709 29.8329 37.0000 0.0000 42.5793 31.6228 38.9102 42.0476 39.8497 35.0571 44.8219 23.0868 18.7883 20.8087 38.0789 4.2426 40.3113 39.3954 19.8494 40.5216 4.2426 4.2426 40.3113 40.3113 39.3954 39.3954 19.8494 19.8494 40.5216 40.5216 4.2426
5 45.1774 34.1760 50.2096 41.0366 42.5793 0.0000 62.9365 80.6536 80.7527 82.2253 58.0000 79.8123 24.4131 25.0200 31.4006 79.3788 45.1774 78.0897 81.3204 36.4005 5.0000 45.1774 45.1774 78.0897 78.0897 81.3204 81.3204 36.4005 36.4005 5.0000 5.0000 45.1774
6 27.4591 28.8617 60.4152 31.3209 31.6228 62.9365 0.0000 46.2385 21.5407 42.9418 64.1950 17.1172 51.8556 39.3573 51.6624 47.4342 27.4591 18.0278 45.6946 51.4004 58.9406 27.4591 27.4591 18.0278 18.0278 45.6946 45.6946 51.4004 51.4004 58.9406 58.9406 27.4591
7 37.7359 57.6281 43.6807 70.0928 38.9102 80.6536 46.2385 0.0000 35.1283 5.8310 41.1461 45.0000 57.8705 57.6975 52.2398 2.8284 37.7359 37.0000 1.4142 48.0416 79.1202 37.7359 37.7359 37.0000 37.0000 1.4142 1.4142 48.0416 48.0416 79.1202 79.1202 37.7359
8 38.0789 48.0104 65.0692 52.8110 42.0476 80.7527 21.5407 35.1283 0.0000 30.0000 66.4003 10.4403 65.0000 55.9017 62.6498 37.3363 38.0789 3.6056 34.0588 60.7454 77.3175 38.0789 38.0789 3.6056 3.6056 34.0588 34.0588 60.7454 60.7454 77.3175 77.3175 38.0789
9 38.0789 57.1402 48.1041 68.6222 39.8497 82.2253 42.9418 5.8310 30.0000 0.0000 46.1411 40.1123 60.2080 58.5235 55.0000 8.6023 38.0789 32.1403 4.4721 51.0882 80.3617 38.0789 38.0789 32.1403 32.1403 4.4721 4.4721 51.0882 51.0882 80.3617 80.3617 38.0789
10 38.3275 54.5894 7.8102 70.7107 35.0571 58.0000 64.1950 41.1461 66.4003 46.1411 0.0000 73.0616 34.4093 45.5412 27.4591 38.4838 38.3275 66.2873 42.4853 22.8254 59.0339 38.3275 38.3275 66.2873 66.2873 42.4853 42.4853 22.8254 22.8254 59.0339 59.0339 38.3275
11 40.6079 45.8912 70.8025 47.5184 44.8219 79.8123 17.1172 45.0000 10.4403 40.1123 73.0616 0.0000 66.8880 55.7136 65.6049 47.0425 40.6079 8.0000 44.0114 64.4438 75.9276 40.6079 40.6079 8.0000 8.0000 44.0114 44.0114 64.4438 64.4438 75.9276 75.9276 40.6079
12 26.9258 28.6356 26.6271 43.1741 23.0868 24.4131 51.8556 57.8705 65.0000 60.2080 34.4093 66.8880 0.0000 15.8114 7.0711 56.2939 26.9258 63.0714 58.6941 12.0416 24.7588 26.9258 26.9258 63.0714 63.0714 58.6941 58.6941 12.0416 12.0416 24.7588 24.7588 26.9258
13 20.6155 13.0384 38.3275 27.4591 18.7883 25.0200 39.3573 57.6975 55.9017 58.5235 45.5412 55.7136 15.8114 0.0000 20.0000 56.8243 20.6155 53.3667 58.1808 23.3452 22.2036 20.6155 20.6155 53.3667 53.3667 58.1808 58.1808 23.3452 23.3452 22.2036 22.2036 20.6155
14 25.0000 31.7805 19.7231 47.2652 20.8087 31.4006 51.6624 52.2398 62.6498 55.0000 27.4591 65.6049 7.0711 20.0000 0.0000 50.4876 25.0000 61.0574 53.1507 5.0000 31.8277 25.0000 25.0000 61.0574 61.0574 53.1507 53.1507 5.0000 5.0000 31.8277 31.8277 25.0000
15 37.2022 57.3847 41.2311 70.2922 38.0789 79.3788 47.4342 2.8284 37.3363 8.6023 38.4838 47.0425 56.2939 56.8243 50.4876 0.0000 37.2022 39.0512 4.2426 46.1736 78.0000 37.2022 37.2022 39.0512 39.0512 4.2426 4.2426 46.1736 46.1736 78.0000 78.0000 37.2022
16 0.0000 20.6155 33.5261 35.3412 4.2426 45.1774 27.4591 37.7359 38.0789 38.0789 38.3275 40.6079 26.9258 20.6155 25.0000 37.2022 0.0000 36.2353 38.0789 24.0832 42.7551 0.0000 0.0000 36.2353 36.2353 38.0789 38.0789 24.0832 24.0832 42.7551 42.7551 0.0000
19 36.2353 45.0111 64.5368 49.3356 40.3113 78.0897 18.0278 37.0000 3.6056 32.1403 66.2873 8.0000 63.0714 53.3667 61.0574 39.0512 36.2353 0.0000 36.0139 59.4054 74.5453 36.2353 36.2353 0.0000 0.0000 36.0139 36.0139 59.4054 59.4054 74.5453 74.5453 36.2353
22 38.0789 57.8014 44.9222 70.0357 39.3954 81.3204 45.6946 1.4142 34.0588 4.4721 42.4853 44.0114 58.6941 58.1808 53.1507 4.2426 38.0789 36.0139 0.0000 49.0102 79.7120 38.0789 38.0789 36.0139 36.0139 0.0000 0.0000 49.0102 49.0102 79.7120 79.7120 38.0789
25 24.0832 34.1321 15.2315 50.0100 19.8494 36.4005 51.4004 48.0416 60.7454 51.0882 22.8254 64.4438 12.0416 23.3452 5.0000 46.1736 24.0832 59.4054 49.0102 0.0000 36.7696 24.0832 24.0832 59.4054 59.4054 49.0102 49.0102 0.0000 0.0000 36.7696 36.7696 24.0832
28 42.7551 30.0832 51.2250 36.1248 40.5216 5.0000 58.9406 79.1202 77.3175 80.3617 59.0339 75.9276 24.7588 22.2036 31.8277 78.0000 42.7551 74.5453 79.7120 36.7696 0.0000 42.7551 42.7551 74.5453 74.5453 79.7120 79.7120 36.7696 36.7696 0.0000 0.0000 42.7551
17 0.0000 20.6155 33.5261 35.3412 4.2426 45.1774 27.4591 37.7359 38.0789 38.0789 38.3275 40.6079 26.9258 20.6155 25.0000 37.2022 0.0000 36.2353 38.0789 24.0832 42.7551 0.0000 0.0000 36.2353 36.2353 38.0789 38.0789 24.0832 24.0832 42.7551 42.7551 0.0000
18 0.0000 20.6155 33.5261 35.3412 4.2426 45.1774 27.4591 37.7359 38.0789 38.0789 38.3275 40.6079 26.9258 20.6155 25.0000 37.2022 0.0000 36.2353 38.0789 24.0832 42.7551 0.0000 0.0000 36.2353 36.2353 38.0789 38.0789 24.0832 24.0832 42.7551 42.7551 0.0000
20 36.2353 45.0111 64.5368 49.3356 40.3113 78.0897 18.0278 37.0000 3.6056 32.1403 66.2873 8.0000 63.0714 53.3667 61.0574 39.0512 36.2353 0.0000 36.0139 59.4054 74.5453 36.2353 36.2353 0.0000 0.0000 36.0139 36.0139 59.4054 59.4054 74.5453 74.5453 36.2353
21 36.2353 45.0111 64.5368 49.3356 40.3113 78.0897 18.0278 37.0000 3.6056 32.1403 66.2873 8.0000 63.0714 53.3667 61.0574 39.0512 36.2353 0.0000 36.0139 59.4054 74.5453 36.2353 36.2353 0.0000 0.0000 36.0139 36.0139 59.4054 59.4054 74.5453 74.5453 36.2353
23 38.0789 57.8014 44.9222 70.0357 39.3954 81.3204 45.6946 1.4142 34.0588 4.4721 42.4853 44.0114 58.6941 58.1808 53.1507 4.2426 38.0789 36.0139 0.0000 49.0102 79.7120 38.0789 38.0789 36.0139 36.0139 0.0000 0.0000 49.0102 49.0102 79.7120 79.7120 38.0789
24 38.0789 57.8014 44.9222 70.0357 39.3954 81.3204 45.6946 1.4142 34.0588 4.4721 42.4853 44.0114 58.6941 58.1808 53.1507 4.2426 38.0789 36.0139 0.0000 49.0102 79.7120 38.0789 38.0789 36.0139 36.0139 0.0000 0.0000 49.0102 49.0102 79.7120 79.7120 38.0789
26 24.0832 34.1321 15.2315 50.0100 19.8494 36.4005 51.4004 48.0416 60.7454 51.0882 22.8254 64.4438 12.0416 23.3452 5.0000 46.1736 24.0832 59.4054 49.0102 0.0000 36.7696 24.0832 24.0832 59.4054 59.4054 49.0102 49.0102 0.0000 0.0000 36.7696 36.7696 24.0832
27 24.0832 34.1321 15.2315 50.0100 19.8494 36.4005 51.4004 48.0416 60.7454 51.0882 22.8254 64.4438 12.0416 23.3452 5.0000 46.1736 24.0832 59.4054 49.0102 0.0000 36.7696 24.0832 24.0832 59.4054 59.4054 49.0102 49.0102 0.0000 0.0000 36.7696 36.7696 24.0832
29 42.7551 30.0832 51.2250 36.1248 40.5216 5.0000 58.9406 79.1202 77.3175 80.3617 59.0339 75.9276 24.7588 22.2036 31.8277 78.0000 42.7551 74.5453 79.7120 36.7696 0.0000 42.7551 42.7551 74.5453 74.5453 79.7120 79.7120 36.7696 36.7696 0.0000 0.0000 42.7551
30 42.7551 30.0832 51.2250 36.1248 40.5216 5.0000 58.9406 79.1202 77.3175 80.3617 59.0339 75.9276 24.7588 22.2036 31.8277 78.0000 42.7551 74.5453 79.7120 36.7696 0.0000 42.7551 42.7551 74.5453 74.5453 79.7120 79.7120 36.7696 36.7696 0.0000 0.0000 42.7551
31 0.0000 20.6155 33.5261 35.3412 4.2426 45.1774 27.4591 37.7359 38.0789 38.0789 38.3275 40.6079 26.9258 20.6155 25.0000 37.2022 0.0000 36.2353 38.0789 24.0832 42.7551 0.0000 0.0000 36.2353 36.2353 38.0789 38.0789 24.0832 24.0832 42.7551 42.7551 0.0000
;

param t : 0 1 2 3 4 5 6 7 8 9 10 11 12 13 14 15 16 19 22 25 28 17 18 20 21 23 24 26 27 29 30 31 :=
0 0.0000 20.6155 33.5261 35.3412 4.2426 45.1774 27.4591 37.7359 38.0789 38.0789 38.3275 40.6079 26.9258 20.6155 25.0000 37.2022 0.0000 36.2353 38.0789 24.0832 42.7551 0.0000 0.0000 36.2353 36.2353 38.0789 38.0789 24.0832 24.0832 42.7551 42.7551 0.0000
1 20.6155 0.0000 48.0937 16.1245 21.4709 34.1760 28.8617 57.6281 48.0104 57.1402 54.5894 45.8912 28.6356 13.0384 31.7805 57.3847 20.6155 45.0111 57.8014 34.1321 30.0832 20.6155 20.6155 45.0111 45.0111 57.8014 57.8014 34.1321 34.1321 30.0832 30.0832 20.6155
2 33.5261 48.0937 0.0000 64.1950 29.8329 50.2096 60.4152 43.6807 65.0692 48.1041 7.8102 70.8025 26.6271 38.3275 19.7231 41.2311 33.5261 64.5368 44.9222 15.2315 51.2250 33.5261 33.5261 64.5368 64.5368 44.9222 44.9222 15.2315 15.2315 51.2250 51.2250 33.5261
3 35.3412 16.1245 64.1950 0.0000 37.0000 41.0366 31.3209 70.0928 52.8110 68.6222 70.7107 47.5184 43.1741 27.4591 47.2652 70.2922 35.3412 49.3356 70.0357 50.0100 36.1248 35.3412 35.3412 49.3356 49.3356 70.0357 70.0357 50.0100 50.0100 36.1248 36.1248 35.3412
4 4.2426 21.4709 29.8329 37.0000 0.0000 42.5793 31.6228 38.9102 42.0476 39.8497 35.0571 44.8219 23.0868 18.7883 20.8087 38.0789 4.2426 40.3113 39.3954 19.8494 40.5216 4.2426 4.2426 40.3113 40.3113 39.3954 39.3954 19.8494 19.8494 40.5216 40.5216 4.2426
5 45.1774 34.1760 50.2096 41.0366 42.5793 0.0000 62.9365 80.6536 80.7527 82.2253 58.0000 79.8123 24.4131 25.0200 31.4006 79.3788 45.1774 78.0897 81.3204 36.4005 5.0000 45.1774 45.1774 78.0897 78.0897 81.3204 81.3204 36.4005 36.4005 5.0000 5.0000 45.1774
6 27.4591 28.8617 60.4152 31.3209 31.6228 62.9365 0.0000 46.2385 21.5407 42.9418 64.1950 17.1172 51.8556 39.3573 51.6624 47.4342 27.4591 18.0278 45.6946 51.4004 58.9406 27.4591 27.4591 18.0278 18.0278 45.6946 45.6946 51.4004 51.4004 58.9406 58.9406 27.4591
7 37.7359 57.6281 43.6807 70.0928 38.9102 80.6536 46.2385 0.0000 35.1283 5.8310 41.1461 45.0000 57.8705 57.6975 52.2398 2.8284 37.7359 37.0000 1.4142 48.0416 79.1202 37.7359 37.7359 37.0000 37.0000 1.4142 1.4142 48.0416 48.0416 79.1202 79.1202 37.7359
8 38.0789 48.0104 65.0692 52.8110 42.0476 80.7527 21.5407 35.1283 0.0000 30.0000 66.4003 10.4403 65.0000 55.9017 62.6498 37.3363 38.0789 3.6056 34.0588 60.7454 77.3175 38.0789 38.0789 3.6056 3.6056 34.0588 34.0588 60.7454 60.7454 77.3175 77.3175 38.0789
9 38.0789 57.1402 48.1041 68.6222 39.8497 82.2253 42.9418 5.8310 30.0000 0.0000 46.1411 40.1123 60.2080 58.5235 55.0000 8.6023 38.0789 32.1403 4.4721 51.0882 80.3617 38.0789 38.0789 32.1403 32.1403 4.4721 4.4721 51.0882 51.0882 80.3617 80.3617 38.0789
10 38.3275 54.5894 7.8102 70.7107 35.0571 58.0000 64.1950 41.1461 66.4003 46.1411 0.0000 73.0616 34.4093 45.5412 27.4591 38.4838 38.3275 66.2873 42.4853 22.8254 59.0339 38.3275 38.3275 66.2873 66.2873 42.4853 42.4853 22.8254 22.8254 59.0339 59.0339 38.3275
11 40.6079 45.8912 70.8025 47.5184 44.8219 79.8123 17.1172 45.0000 10.4403 40.1123 73.0616 0.0000 66.8880 55.7136 65.6049 47.0425 40.6079 8.0000 44.0114 64.4438 75.9276 40.6079 40.6079 8.0000 8.0000 44.0114 44.0114 64.4438 64.4438 75.9276 75.9276 40.6079
12 26.9258 28.6356 26.6271 43.1741 23.0868 24.4131 51.8556 57.8705 65.0000 60.2080 34.4093 66.8880 0.0000 15.8114 7.0711 56.2939 26.9258 63.0714 58.6941 12.0416 24.7588 26.9258 26.9258 63.0714 63.0714 58.6941 58.6941 12.0416 12.0416 24.7588 24.7588 26.9258
13 20.6155 13.0384 38.3275 27.4591 18.7883 25.0200 39.3573 57.6975 55.9017 58.5235 45.5412 55.7136 15.8114 0.0000 20.0000 56.8243 20.6155 53.3667 58.1808 23.3452 22.2036 20.6155 20.6155 53.3667 53.3667 58.1808 58.1808 23.3452 23.3452 22.2036 22.2036 20.6155
14 25.0000 31.7805 19.7231 47.2652 20.8087 31.4006 51.6624 52.2398 62.6498 55.0000 27.4591 65.6049 7.0711 20.0000 0.0000 50.4876 25.0000 61.0574 53.1507 5.0000 31.8277 25.0000 25.0000 61.0574 61.0574 53.1507 53.1507 5.0000 5.0000 31.8277 31.8277 25.0000
15 37.2022 57.3847 41.2311 70.2922 38.0789 79.3788 47.4342 2.8284 37.3363 8.6023 38.4838 47.0425 56.2939 56.8243 50.4876 0.0000 37.2022 39.0512 4.2426 46.1736 78.0000 37.2022 37.2022 39.0512 39.0512 4.2426 4.2426 46.1736 46.1736 78.0000 78.0000 37.2022
16 0.0000 20.6155 33.5261 35.3412 4.2426 45.1774 27.4591 37.7359 38.0789 38.0789 38.3275 40.6079 26.9258 20.6155 25.0000 37.2022 0.0000 36.2353 38.0789 24.0832 42.7551 0.0000 0.0000 36.2353 36.2353 38.0789 38.0789 24.0832 24.0832 42.7551 42.7551 0.0000
19 36.2353 45.0111 64.5368 49.3356 40.3113 78.0897 18.0278 37.0000 3.6056 32.1403 66.2873 8.0000 63.0714 53.3667 61.0574 39.0512 36.2353 0.0000 36.0139 59.4054 74.5453 36.2353 36.2353 0.0000 0.0000 36.0139 36.0139 59.4054 59.4054 74.5453 74.5453 36.2353
22 38.0789 57.8014 44.9222 70.0357 39.3954 81.3204 45.6946 1.4142 34.0588 4.4721 42.4853 44.0114 58.6941 58.1808 53.1507 4.2426 38.0789 36.0139 0.0000 49.0102 79.7120 38.0789 38.0789 36.0139 36.0139 0.0000 0.0000 49.0102 49.0102 79.7120 79.7120 38.0789
25 24.0832 34.1321 15.2315 50.0100 19.8494 36.4005 51.4004 48.0416 60.7454 51.0882 22.8254 64.4438 12.0416 23.3452 5.0000 46.1736 24.0832 59.4054 49.0102 0.0000 36.7696 24.0832 24.0832 59.4054 59.4054 49.0102 49.0102 0.0000 0.0000 36.7696 36.7696 24.0832
28 42.7551 30.0832 51.2250 36.1248 40.5216 5.0000 58.9406 79.1202 77.3175 80.3617 59.0339 75.9276 24.7588 22.2036 31.8277 78.0000 42.7551 74.5453 79.7120 36.7696 0.0000 42.7551 42.7551 74.5453 74.5453 79.7120 79.7120 36.7696 36.7696 0.0000 0.0000 42.7551
17 0.0000 20.6155 33.5261 35.3412 4.2426 45.1774 27.4591 37.7359 38.0789 38.0789 38.3275 40.6079 26.9258 20.6155 25.0000 37.2022 0.0000 36.2353 38.0789 24.0832 42.7551 0.0000 0.0000 36.2353 36.2353 38.0789 38.0789 24.0832 24.0832 42.7551 42.7551 0.0000
18 0.0000 20.6155 33.5261 35.3412 4.2426 45.1774 27.4591 37.7359 38.0789 38.0789 38.3275 40.6079 26.9258 20.6155 25.0000 37.2022 0.0000 36.2353 38.0789 24.0832 42.7551 0.0000 0.0000 36.2353 36.2353 38.0789 38.0789 24.0832 24.0832 42.7551 42.7551 0.0000
20 36.2353 45.0111 64.5368 49.3356 40.3113 78.0897 18.0278 37.0000 3.6056 32.1403 66.2873 8.0000 63.0714 53.3667 61.0574 39.0512 36.2353 0.0000 36.0139 59.4054 74.5453 36.2353 36.2353 0.0000 0.0000 36.0139 36.0139 59.4054 59.4054 74.5453 74.5453 36.2353
21 36.2353 45.0111 64.5368 49.3356 40.3113 78.0897 18.0278 37.0000 3.6056 32.1403 66.2873 8.0000 63.0714 53.3667 61.0574 39.0512 36.2353 0.0000 36.0139 59.4054 74.5453 36.2353 36.2353 0.0000 0.0000 36.0139 36.0139 59.4054 59.4054 74.5453 74.5453 36.2353
23 38.0789 57.8014 44.9222 70.0357 39.3954 81.3204 45.6946 1.4142 34.0588 4.4721 42.4853 44.0114 58.6941 58.1808 53.1507 4.2426 38.0789 36.0139 0.0000 49.0102 79.7120 38.0789 38.0789 36.0139 36.0139 0.0000 0.0000 49.0102 49.0102 79.7120 79.7120 38.0789
24 38.0789 57.8014 44.9222 70.0357 39.3954 81.3204 45.6946 1.4142 34.0588 4.4721 42.4853 44.0114 58.6941 58.1808 53.1507 4.2426 38.0789 36.0139 0.0000 49.0102 79.7120 38.0789 38.0789 36.0139 36.0139 0.0000 0.0000 49.0102 49.0102 79.7120 79.7120 38.0789
26 24.0832 34.1321 15.2315 50.0100 19.8494 36.4005 51.4004 48.0416 60.7454 51.0882 22.8254 64.4438 12.0416 23.3452 5.0000 46.1736 24.0832 59.4054 49.0102 0.0000 36.7696 24.0832 24.0832 59.4054 59.4054 49.0102 49.0102 0.0000 0.0000 36.7696 36.7696 24.0832
27 24.0832 34.1321 15.2315 50.0100 19.8494 36.4005 51.4004 48.0416 60.7454 51.0882 22.8254 64.4438 12.0416 23.3452 5.0000 46.1736 24.0832 59.4054 49.0102 0.0000 36.7696 24.0832 24.0832 59.4054 59.4054 49.0102 49.0102 0.0000 0.0000 36.7696 36.7696 24.0832
29 42.7551 30.0832 51.2250 36.1248 40.5216 5.0000 58.9406 79.1202 77.3175 80.3617 59.0339 75.9276 24.7588 22.2036 31.8277 78.0000 42.7551 74.5453 79.7120 36.7696 0.0000 42.7551 42.7551 74.5453 74.5453 79.7120 79.7120 36.7696 36.7696 0.0000 0.0000 42.7551
30 42.7551 30.0832 51.2250 36.1248 40.5216 5.0000 58.9406 79.1202 77.3175 80.3617 59.0339 75.9276 24.7588 22.2036 31.8277 78.0000 42.7551 74.5453 79.7120 36.7696 0.0000 42.7551 42.7551 74.5453 74.5453 79.7120 79.7120 36.7696 36.7696 0.0000 0.0000 42.7551
31 0.0000 20.6155 33.5261 35.3412 4.2426 45.1774 27.4591 37.7359 38.0789 38.0789 38.3275 40.6079 26.9258 20.6155 25.0000 37.2022 0.0000 36.2353 38.0789 24.0832 42.7551 0.0000 0.0000 36.2353 36.2353 38.0789 38.0789 24.0832 24.0832 42.7551 42.7551 0.0000
;