set F_UNIQ := 26 30 34 38 42 46 50 54 58 62 66 70 74 78 82 86 90 94 98 102 106;
set F_NODES[26] := 26 27 28 29;
set F_NODES[30] := 30 31 32 33;
set F_NODES[34] := 34 35 36 37;
set F_NODES[38] := 38 39 40 41;
set F_NODES[42] := 42 43 44 45;
set F_NODES[46] := 46 47 48 49;
set F_NODES[50] := 50 51 52 53;
set F_NODES[54] := 54 55 56 57;
set F_NODES[58] := 58 59 60 61;
set F_NODES[62] := 62 63 64 65;
set F_NODES[66] := 66 67 68 69;
set F_NODES[70] := 70 71 72 73;
set F_NODES[74] := 74 75 76 77;
set F_NODES[78] := 78 79 80 81;
set F_NODES[82] := 82 83 84 85;
set F_NODES[86] := 86 87 88 89;
set F_NODES[90] := 90 91 92 93;
set F_NODES[94] := 94 95 96 97;
set F_NODES[98] := 98 99 100 101;
set F_NODES[102] := 102 103 104 105;
set F_NODES[106] := 106 107 108 109;
#definition

# set
set V := 1 2 3 4 5 6 7 8 9 10 11 12 13 14 15 
16 17 18 19 20 21 22 23 24 25 ; 	# customer set
set F := 26 30 34 38 42 
46 50 54 58 62
66 70 74 78 82
86 90 94 98 102 106
27 28 29  
31 32 33 
35 36 37 
39 40 41 
43 44 45 
47 48 49 
51 52 53 
55 56 57 
59 60 61 
63 64 65 
67 68 69 
71 72 73 
75 76 77 
79 80 81 
83 84 85 
87 88 89 
91 92 93 
95 96 97 
99 100 101 
103 104 105 
107 108 109  ;#recharging & battery swapping station
set D0 :=0;
set Dsig :=110;


# param
param CV := 200;    		# ECV fixed cost(Topic Given)
param C := 200;   		# ECV max load
param Q := 65.17; 		# ECV/BSV battery level
param h := 1;     		# ECV consumption

param CB := 267;    		# BSV fixed cost(Topic Given)
param Qplun := 5;       # BSV max load(battery)
param hplun := 1;     	# BSV consumption
param W := 130.34;		# BSV battery level

param Ct := 10 ;		# travel cost
param Cr := 100 ;		# recharging cost
param lamda := 0.00;	# battery swap time
param Cb ;  	    # battery swap cost(BSS/BSV)
param n :=25;	   		# number of customers
param g := 1.38 ;     	# the recharging rate of ECV 



# customer demend
param m :=
0 0
1 11
2 19
3 9
4 10
5 1
6 11
7 27
8 9
9 12
10 10
11 16
12 5
13 36
14 23
15 6
16 20
17 8
18 16
19 7
20 19
21 6
22 26
23 8
24 1
25 3
26 0
30 0
34 0
38 0
42 0
46 0
50 0
54 0
58 0
62 0
66 0
70 0
74 0
78 0
82 0
86 0
90 0
94 0
98 0
102 0
106 0
27 0
28 0
29 0
31 0
32 0
33 0
35 0
36 0
37 0
39 0
40 0
41 0
43 0
44 0
45 0
47 0
48 0
49 0
51 0
52 0
53 0
55 0
56 0
57 0
59 0
60 0
61 0
63 0
64 0
65 0
67 0
68 0
69 0
71 0
72 0
73 0
75 0
76 0
77 0
79 0
80 0
81 0
83 0
84 0
85 0
87 0
88 0
89 0
91 0
92 0
93 0
95 0
96 0
97 0
99 0
100 0
101 0
103 0
104 0
105 0
107 0
108 0
109 0
110 0;

param e :=
0 0
1 24
2 30
3 37
4 133
5 92
6 21
7 34
8 56
9 69
10 64
11 29
12 61
13 117
14 116
15 23
16 32
17 113
18 29
19 77
20 52
21 121
22 79
23 123
24 132
25 76
26 0
30 0
34 0
38 0
42 0
46 0
50 0
54 0
58 0
62 0
66 0
70 0
74 0
78 0
82 0
86 0
90 0
94 0
98 0
102 0
106 0
27 0
28 0
29 0
31 0
32 0
33 0
35 0
36 0
37 0
39 0
40 0
41 0
43 0
44 0
45 0
47 0
48 0
49 0
51 0
52 0
53 0
55 0
56 0
57 0
59 0
60 0
61 0
63 0
64 0
65 0
67 0
68 0
69 0
71 0
72 0
73 0
75 0
76 0
77 0
79 0
80 0
81 0
83 0
84 0
85 0
87 0
88 0
89 0
91 0
92 0
93 0
95 0
96 0
97 0
99 0
100 0
101 0
103 0
104 0
105 0
107 0
108 0
109 0
110 0;

param l :=
0 230
1 92
2 95
3 98
4 198
5 151
6 89
7 105
8 109
9 114
10 121
11 99
12 110
13 176
14 175
15 86
16 114
17 164
18 90
19 134
20 107
21 186
22 116
23 184
24 194
25 131
26 230
30 230
34 230
38 230
42 230
46 230
50 230
54 230
58 230
62 230
66 230
70 230
74 230
78 230
82 230
86 230
90 230
94 230
98 230
102 230
106 230
27 230
28 230
29 230
31 230
32 230
33 230
35 230
36 230
37 230
39 230
40 230
41 230
43 230
44 230
45 230
47 230
48 230
49 230
51 230
52 230
53 230
55 230
56 230
57 230
59 230
60 230
61 230
63 230
64 230
65 230
67 230
68 230
69 230
71 230
72 230
73 230
75 230
76 230
77 230
79 230
80 230
81 230
83 230
84 230
85 230
87 230
88 230
89 230
91 230
92 230
93 230
95 230
96 230
97 230
99 230
100 230
101 230
103 230
104 230
105 230
107 230
108 230
109 230
110 230;

param s :=
0 0
1 10
2 10
3 10
4 10
5 10
6 10
7 10
8 10
9 10
10 10
11 10
12 10
13 10
14 10
15 10
16 10
17 10
18 10
19 10
20 10
21 10
22 10
23 10
24 10
25 10
26 0
30 0
34 0
38 0
42 0
46 0
50 0
54 0
58 0
62 0
66 0
70 0
74 0
78 0
82 0
86 0
90 0
94 0
98 0
102 0
106 0
27 0
28 0
29 0
31 0
32 0
33 0
35 0
36 0
37 0
39 0
40 0
41 0
43 0
44 0
45 0
47 0
48 0
49 0
51 0
52 0
53 0
55 0
56 0
57 0
59 0
60 0
61 0
63 0
64 0
65 0
67 0
68 0
69 0
71 0
72 0
73 0
75 0
76 0
77 0
79 0
80 0
81 0
83 0
84 0
85 0
87 0
88 0
89 0
91 0
92 0
93 0
95 0
96 0
97 0
99 0
100 0
101 0
103 0
104 0
105 0
107 0
108 0
109 0
110 0;

param d : 0 1 2 3 4 5 6 7 8 9 10 11 12 13 14 15 16 17 18 19 20 21 22 23 24 25 26 30 34 38 42 46 50 54 58 62 66 70 74 78 82 86 90 94 98 102 106 27 28 29 31 32 33 35 36 37 39 40 41 43 44 45 47 48 49 51 52 53 55 56 57 59 60 61 63 64 65 67 68 69 71 72 73 75 76 77 79 80 81 83 84 85 87 88 89 91 92 93 95 96 97 99 100 101 103 104 105 107 108 109 110 :=
0 0.0000 24.7588 25.4951 29.8329 15.2315 35.4683 21.0950 34.2053 20.1246 15.8114 26.9258 29.1548 21.2132 21.3776 34.0000 12.1655 32.0156 21.2132 23.3238 23.1948 29.1548 33.5410 18.3848 24.5967 25.6125 11.1803 0.0000 26.0768 39.2046 25.0599 37.2022 24.7386 36.0139 26.4197 38.2099 18.0278 30.2655 25.8070 36.1386 14.8661 30.3645 15.0333 30.5941 30.0167 33.4215 30.4138 39.3192 0.0000 0.0000 0.0000 26.0768 26.0768 26.0768 39.2046 39.2046 39.2046 25.0599 25.0599 25.0599 37.2022 37.2022 37.2022 24.7386 24.7386 24.7386 36.0139 36.0139 36.0139 26.4197 26.4197 26.4197 38.2099 38.2099 38.2099 18.0278 18.0278 18.0278 30.2655 30.2655 30.2655 25.8070 25.8070 25.8070 36.1386 36.1386 36.1386 14.8661 14.8661 14.8661 30.3645 30.3645 30.3645 15.0333 15.0333 15.0333 30.5941 30.5941 30.5941 30.0167 30.0167 30.0167 33.4215 33.4215 33.4215 30.4138 30.4138 30.4138 39.3192 39.3192 39.3192 0.0000
1 24.7588 0.0000 29.6142 14.8661 12.3693 51.1566 41.7852 45.1774 36.1386 35.1141 7.2111 49.0408 33.0606 13.3417 24.7588 16.7631 56.6392 45.9674 38.3275 45.1774 53.6004 34.1760 42.2019 39.6232 50.3289 35.6090 24.7588 17.0000 24.6982 7.8102 13.6015 25.0000 26.8701 31.5753 46.8722 36.6879 49.7293 50.4480 59.0339 39.6232 53.3385 37.2156 48.5077 43.1045 38.8330 32.2800 30.4138 24.7588 24.7588 24.7588 17.0000 17.0000 17.0000 24.6982 24.6982 24.6982 7.8102 7.8102 7.8102 13.6015 13.6015 13.6015 25.0000 25.0000 25.0000 26.8701 26.8701 26.8701 31.5753 31.5753 31.5753 46.8722 46.8722 46.8722 36.6879 36.6879 36.6879 49.7293 49.7293 49.7293 50.4480 50.4480 50.4480 59.0339 59.0339 59.0339 39.6232 39.6232 39.6232 53.3385 53.3385 53.3385 37.2156 37.2156 37.2156 48.5077 48.5077 48.5077 43.1045 43.1045 43.1045 38.8330 38.8330 38.8330 32.2800 32.2800 32.2800 30.4138 30.4138 30.4138 24.7588
2 25.4951 29.6142 0.0000 43.0813 19.2354 24.1661 23.2594 16.1245 45.6180 18.4391 25.0000 26.9072 8.9443 37.2156 15.5563 17.0294 48.8365 38.2099 14.2127 46.6905 40.4969 55.9017 40.1995 50.0899 40.0250 28.0179 25.4951 42.5441 53.4883 23.0217 33.7343 5.0990 16.4012 2.0000 17.2627 18.0278 26.8701 39.2938 40.0000 33.0000 52.0384 39.2938 55.6597 55.4707 57.4891 53.0377 57.3062 25.4951 25.4951 25.4951 42.5441 42.5441 42.5441 53.4883 53.4883 53.4883 23.0217 23.0217 23.0217 33.7343 33.7343 33.7343 5.0990 5.0990 5.0990 16.4012 16.4012 16.4012 2.0000 2.0000 2.0000 17.2627 17.2627 17.2627 18.0278 18.0278 18.0278 26.8701 26.8701 26.8701 39.2938 39.2938 39.2938 40.0000 40.0000 40.0000 33.0000 33.0000 33.0000 52.0384 52.0384 52.0384 39.2938 39.2938 39.2938 55.6597 55.6597 55.6597 55.4707 55.4707 55.4707 57.4891 57.4891 57.4891 53.0377 53.0377 53.0377 57.3062 57.3062 57.3062 25.4951
3 29.8329 14.8661 43.0813 0.0000 24.0416 62.2896 50.2494 57.7235 32.0156 44.0454 21.9317 58.1378 44.7214 8.5440 39.6232 27.4591 58.5235 49.1935 49.2544 43.8634 58.3095 22.0227 43.2666 34.1321 54.1295 40.8044 29.8329 5.8310 10.4403 22.6716 24.0416 38.9102 41.7253 44.9444 60.0833 46.0109 59.0762 54.6260 65.9697 43.4626 52.3450 37.2022 43.5660 35.8469 28.1603 21.0950 15.6205 29.8329 29.8329 29.8329 5.8310 5.8310 5.8310 10.4403 10.4403 10.4403 22.6716 22.6716 22.6716 24.0416 24.0416 24.0416 38.9102 38.9102 38.9102 41.7253 41.7253 41.7253 44.9444 44.9444 44.9444 60.0833 60.0833 60.0833 46.0109 46.0109 46.0109 59.0762 59.0762 59.0762 54.6260 54.6260 54.6260 65.9697 65.9697 65.9697 43.4626 43.4626 43.4626 52.3450 52.3450 52.3450 37.2022 37.2022 37.2022 43.5660 43.5660 43.5660 35.8469 35.8469 35.8469 28.1603 28.1603 28.1603 21.0950 21.0950 21.0950 15.6205 15.6205 15.6205 29.8329
4 15.2315 12.3693 19.2354 24.0416 0.0000 39.0128 29.5466 33.7343 32.1403 22.8473 12.0416 36.6879 21.0238 18.0278 20.8806 4.4721 46.8722 35.8050 26.0768 38.0789 42.4500 37.6431 33.6155 36.3456 39.6989 24.8395 15.2315 23.3238 34.4819 10.0000 22.6274 15.6205 23.0868 21.0238 36.0555 24.3516 37.3631 39.6232 47.0106 29.4109 45.5412 29.8329 44.0000 41.0000 40.3113 35.0000 38.0789 15.2315 15.2315 15.2315 23.3238 23.3238 23.3238 34.4819 34.4819 34.4819 10.0000 10.0000 10.0000 22.6274 22.6274 22.6274 15.6205 15.6205 15.6205 23.0868 23.0868 23.0868 21.0238 21.0238 21.0238 36.0555 36.0555 36.0555 24.3516 24.3516 24.3516 37.3631 37.3631 37.3631 39.6232 39.6232 39.6232 47.0106 47.0106 47.0106 29.4109 29.4109 29.4109 45.5412 45.5412 45.5412 29.8329 29.8329 29.8329 44.0000 44.0000 44.0000 41.0000 41.0000 41.0000 40.3113 40.3113 40.3113 35.0000 35.0000 35.0000 38.0789 38.0789 38.0789 15.2315
5 35.4683 51.1566 24.1661 62.2896 39.0128 0.0000 16.2788 10.0000 52.2015 19.6977 48.0521 10.7703 18.1108 54.7449 39.1152 35.0143 40.1622 33.2866 13.0384 46.8615 29.1204 68.9420 39.6989 56.2228 31.7805 29.2062 35.4683 60.0167 72.5603 45.8912 57.5674 29.1548 39.4081 22.3607 13.9284 17.4642 9.4868 30.4631 22.0907 31.8277 48.3735 42.5206 58.0517 61.8466 68.0955 65.7951 74.2159 35.4683 35.4683 35.4683 60.0167 60.0167 60.0167 72.5603 72.5603 72.5603 45.8912 45.8912 45.8912 57.5674 57.5674 57.5674 29.1548 29.1548 29.1548 39.4081 39.4081 39.4081 22.3607 22.3607 22.3607 13.9284 13.9284 13.9284 17.4642 17.4642 17.4642 9.4868 9.4868 9.4868 30.4631 30.4631 30.4631 22.0907 22.0907 22.0907 31.8277 31.8277 31.8277 48.3735 48.3735 48.3735 42.5206 42.5206 42.5206 58.0517 58.0517 58.0517 61.8466 61.8466 61.8466 68.0955 68.0955 68.0955 65.7951 65.7951 65.7951 74.2159 74.2159 74.2159 35.4683
6 21.0950 41.7852 23.2594 50.2494 29.5466 16.2788 0.0000 19.9249 36.0555 6.7082 40.8167 8.0623 14.3178 42.0476 38.2753 25.0799 27.0185 18.0278 10.0499 30.8058 17.4642 53.7587 23.6008 40.0000 18.0278 13.0384 21.0950 47.0000 60.0333 38.5876 51.3128 26.6271 39.4462 22.4722 25.0000 5.6569 9.2195 17.0000 17.8045 15.6205 33.2415 26.2488 41.8688 45.6070 52.3259 50.5964 60.4070 21.0950 21.0950 21.0950 47.0000 47.0000 47.0000 60.0333 60.0333 60.0333 38.5876 38.5876 38.5876 51.3128 51.3128 51.3128 26.6271 26.6271 26.6271 39.4462 39.4462 39.4462 22.4722 22.4722 22.4722 25.0000 25.0000 25.0000 5.6569 5.6569 5.6569 9.2195 9.2195 9.2195 17.0000 17.0000 17.0000 17.8045 17.8045 17.8045 15.6205 15.6205 15.6205 33.2415 33.2415 33.2415 26.2488 26.2488 26.2488 41.8688 41.8688 41.8688 45.6070 45.6070 45.6070 52.3259 52.3259 52.3259 50.5964 50.5964 50.5964 60.4070 60.4070 60.4070 21.0950
7 34.2053 45.1774 16.1245 57.7235 33.7343 10.0000 19.9249 0.0000 53.0754 20.0000 41.0488 18.1108 13.4164 50.9215 29.9666 30.3645 46.5296 37.9473 11.4018 50.1199 36.0555 67.4166 42.9418 57.3847 37.6563 31.0644 34.2053 56.3028 68.1542 39.0128 49.8197 21.2132 30.0167 14.1421 5.0990 18.0278 17.2627 36.4966 31.0483 34.8855 53.1413 44.4072 60.7454 63.0317 67.6240 64.3506 70.9366 34.2053 34.2053 34.2053 56.3028 56.3028 56.3028 68.1542 68.1542 68.1542 39.0128 39.0128 39.0128 49.8197 49.8197 49.8197 21.2132 21.2132 21.2132 30.0167 30.0167 30.0167 14.1421 14.1421 14.1421 5.0990 5.0990 5.0990 18.0278 18.0278 18.0278 17.2627 17.2627 17.2627 36.4966 36.4966 36.4966 31.0483 31.0483 31.0483 34.8855 34.8855 34.8855 53.1413 53.1413 53.1413 44.4072 44.4072 44.4072 60.7454 60.7454 60.7454 63.0317 63.0317 63.0317 67.6240 67.6240 67.6240 64.3506 64.3506 64.3506 70.9366 70.9366 70.9366 34.2053
8 20.1246 36.1386 45.6180 32.0156 32.1403 52.2015 36.0555 53.0754 0.0000 33.2415 41.3038 43.4166 40.8044 25.0599 52.7731 30.8058 29.8329 24.1868 41.7253 13.0000 34.1321 21.2132 16.0312 4.4721 29.0689 23.0217 20.1246 26.2488 37.2022 40.1123 49.7293 44.5982 54.9181 46.5296 57.4891 35.3836 44.7772 30.1496 44.9110 21.5407 21.0950 10.4403 12.3693 10.0000 17.2627 18.4391 32.6956 20.1246 20.1246 20.1246 26.2488 26.2488 26.2488 37.2022 37.2022 37.2022 40.1123 40.1123 40.1123 49.7293 49.7293 49.7293 44.5982 44.5982 44.5982 54.9181 54.9181 54.9181 46.5296 46.5296 46.5296 57.4891 57.4891 57.4891 35.3836 35.3836 35.3836 44.7772 44.7772 44.7772 30.1496 30.1496 30.1496 44.9110 44.9110 44.9110 21.5407 21.5407 21.5407 21.0950 21.0950 21.0950 10.4403 10.4403 10.4403 12.3693 12.3693 12.3693 10.0000 10.0000 10.0000 17.2627 17.2627 17.2627 18.4391 18.4391 18.4391 32.6956 32.6956 32.6956 20.1246
9 15.8114 35.1141 18.4391 44.0454 22.8473 19.6977 6.7082 20.0000 33.2415 0.0000 34.1321 14.1421 10.0000 36.0139 32.6497 18.3848 30.4138 20.0000 8.6023 30.4631 22.3607 49.2443 23.4094 37.4833 21.5870 11.1803 15.8114 41.1096 54.0093 31.9061 44.6542 21.0238 34.0147 18.1108 24.6982 2.2361 15.0333 20.8806 24.4131 15.5242 34.5254 24.4131 40.8167 43.1393 48.5489 46.0977 54.9181 15.8114 15.8114 15.8114 41.1096 41.1096 41.1096 54.0093 54.0093 54.0093 31.9061 31.9061 31.9061 44.6542 44.6542 44.6542 21.0238 21.0238 21.0238 34.0147 34.0147 34.0147 18.1108 18.1108 18.1108 24.6982 24.6982 24.6982 2.2361 2.2361 2.2361 15.0333 15.0333 15.0333 20.8806 20.8806 20.8806 24.4131 24.4131 24.4131 15.5242 15.5242 15.5242 34.5254 34.5254 34.5254 24.4131 24.4131 24.4131 40.8167 40.8167 40.8167 43.1393 43.1393 43.1393 48.5489 48.5489 48.5489 46.0977 46.0977 46.0977 54.9181 54.9181 54.9181 15.8114
10 26.9258 7.2111 25.0000 21.9317 12.0416 48.0521 40.8167 41.0488 41.3038 34.1321 0.0000 47.4236 30.0832 20.2485 17.8045 16.2788 58.8218 47.8017 35.7351 49.0408 54.4518 41.2311 45.1774 45.0999 51.7397 36.8782 26.9258 24.1868 31.4006 2.2361 10.6301 20.0250 19.8494 27.0000 42.1070 35.3553 47.9270 51.6624 58.5235 41.4005 56.8595 40.8534 53.6004 49.0102 45.6070 39.2173 37.5366 26.9258 26.9258 26.9258 24.1868 24.1868 24.1868 31.4006 31.4006 31.4006 2.2361 2.2361 2.2361 10.6301 10.6301 10.6301 20.0250 20.0250 20.0250 19.8494 19.8494 19.8494 27.0000 27.0000 27.0000 42.1070 42.1070 42.1070 35.3553 35.3553 35.3553 47.9270 47.9270 47.9270 51.6624 51.6624 51.6624 58.5235 58.5235 58.5235 41.4005 41.4005 41.4005 56.8595 56.8595 56.8595 40.8534 40.8534 40.8534 53.6004 53.6004 53.6004 49.0102 49.0102 49.0102 45.6070 45.6070 45.6070 39.2173 39.2173 39.2173 37.5366 37.5366 37.5366 26.9258
11 29.1548 49.0408 26.9072 58.1378 36.6879 10.7703 8.0623 18.1108 43.4166 14.1421 47.4236 0.0000 18.4391 50.0100 42.4500 32.2800 29.4109 22.8035 12.7279 36.7696 18.4391 61.6847 29.7321 47.1699 21.0238 20.6155 29.1548 55.0091 68.0074 45.1885 57.7062 31.1448 43.2782 25.6125 23.0217 12.3693 1.4142 19.6977 13.4164 22.2036 37.7359 33.2866 48.1041 52.6972 60.0083 58.5235 68.4690 29.1548 29.1548 29.1548 55.0091 55.0091 55.0091 68.0074 68.0074 68.0074 45.1885 45.1885 45.1885 57.7062 57.7062 57.7062 31.1448 31.1448 31.1448 43.2782 43.2782 43.2782 25.6125 25.6125 25.6125 23.0217 23.0217 23.0217 12.3693 12.3693 12.3693 1.4142 1.4142 1.4142 19.6977 19.6977 19.6977 13.4164 13.4164 13.4164 22.2036 22.2036 22.2036 37.7359 37.7359 37.7359 33.2866 33.2866 33.2866 48.1041 48.1041 48.1041 52.6972 52.6972 52.6972 60.0083 60.0083 60.0083 58.5235 58.5235 58.5235 68.4690 68.4690 68.4690 29.1548
12 21.2132 33.0606 8.9443 44.7214 21.0238 18.1108 14.3178 13.4164 40.8044 10.0000 30.0832 18.4391 0.0000 37.6431 24.2074 17.2627 40.3113 30.0000 5.8310 39.8497 31.6228 54.0833 32.9848 45.2217 31.4006 20.6155 21.2132 43.0116 55.1090 27.8927 39.9249 12.7279 25.2389 8.2462 17.0294 9.2195 18.6011 30.5941 31.2410 25.3180 44.4072 33.1059 49.6588 50.8035 54.5619 51.0392 57.5847 21.2132 21.2132 21.2132 43.0116 43.0116 43.0116 55.1090 55.1090 55.1090 27.8927 27.8927 27.8927 39.9249 39.9249 39.9249 12.7279 12.7279 12.7279 25.2389 25.2389 25.2389 8.2462 8.2462 8.2462 17.0294 17.0294 17.0294 9.2195 9.2195 9.2195 18.6011 18.6011 18.6011 30.5941 30.5941 30.5941 31.2410 31.2410 31.2410 25.3180 25.3180 25.3180 44.4072 44.4072 44.4072 33.1059 33.1059 33.1059 49.6588 49.6588 49.6588 50.8035 50.8035 50.8035 54.5619 54.5619 54.5619 51.0392 51.0392 51.0392 57.5847 57.5847 57.5847 21.2132
13 21.3776 13.3417 37.2156 8.5440 18.0278 54.7449 42.0476 50.9215 25.0599 36.0139 20.2485 50.0100 37.6431 0.0000 36.6197 20.6155 50.2195 40.7063 41.7732 36.1248 49.7695 21.0238 35.0000 27.8568 45.6180 32.2800 21.3776 5.3852 18.0000 20.1246 26.0192 33.6006 38.8330 38.9487 53.7122 38.0526 51.0000 46.0977 57.4891 34.9285 44.5982 29.0689 37.1618 30.5941 25.4951 18.9737 20.1246 21.3776 21.3776 21.3776 5.3852 5.3852 5.3852 18.0000 18.0000 18.0000 20.1246 20.1246 20.1246 26.0192 26.0192 26.0192 33.6006 33.6006 33.6006 38.8330 38.8330 38.8330 38.9487 38.9487 38.9487 53.7122 53.7122 53.7122 38.0526 38.0526 38.0526 51.0000 51.0000 51.0000 46.0977 46.0977 46.0977 57.4891 57.4891 57.4891 34.9285 34.9285 34.9285 44.5982 44.5982 44.5982 29.0689 29.0689 29.0689 37.1618 37.1618 37.1618 30.5941 30.5941 30.5941 25.4951 25.4951 25.4951 18.9737 18.9737 18.9737 20.1246 20.1246 20.1246 21.3776
14 34.0000 24.7588 15.5563 39.6232 20.8806 39.1152 38.2753 29.9666 52.7731 32.6497 17.8045 42.4500 24.2074 36.6197 0.0000 22.0907 62.2977 51.2445 29.7321 57.0789 55.0091 57.4543 51.4782 57.0701 53.8516 40.2616 34.0000 41.2311 49.2037 16.9706 22.3607 11.6619 2.2361 17.0294 29.1204 32.7567 42.4264 53.3104 55.4437 45.3542 63.6396 49.0102 64.2806 61.8466 60.8358 55.0727 55.1543 34.0000 34.0000 34.0000 41.2311 41.2311 41.2311 49.2037 49.2037 49.2037 16.9706 16.9706 16.9706 22.3607 22.3607 22.3607 11.6619 11.6619 11.6619 2.2361 2.2361 2.2361 17.0294 17.0294 17.0294 29.1204 29.1204 29.1204 32.7567 32.7567 32.7567 42.4264 42.4264 42.4264 53.3104 53.3104 53.3104 55.4437 55.4437 55.4437 45.3542 45.3542 45.3542 63.6396 63.6396 63.6396 49.0102 49.0102 49.0102 64.2806 64.2806 64.2806 61.8466 61.8466 61.8466 60.8358 60.8358 60.8358 55.0727 55.0727 55.0727 55.1543 55.1543 55.1543 34.0000
15 12.1655 16.7631 17.0294 27.4591 4.4721 35.0143 25.0799 30.3645 30.8058 18.3848 16.2788 32.2800 17.2627 20.6155 22.0907 0.0000 43.0465 31.9061 22.0000 35.3553 38.1838 38.8973 30.3645 35.1710 35.6090 20.8087 12.1655 26.0000 37.8550 14.1421 26.9072 14.4222 24.1868 18.6011 33.1059 19.9249 32.9848 35.4683 42.5441 25.5539 42.4500 27.1662 42.1900 40.1622 40.8044 36.0694 40.7185 12.1655 12.1655 12.1655 26.0000 26.0000 26.0000 37.8550 37.8550 37.8550 14.1421 14.1421 14.1421 26.9072 26.9072 26.9072 14.4222 14.4222 14.4222 24.1868 24.1868 24.1868 18.6011 18.6011 18.6011 33.1059 33.1059 33.1059 19.9249 19.9249 19.9249 32.9848 32.9848 32.9848 35.4683 35.4683 35.4683 42.5441 42.5441 42.5441 25.5539 25.5539 25.5539 42.4500 42.4500 42.4500 27.1662 27.1662 27.1662 42.1900 42.1900 42.1900 40.1622 40.1622 40.1622 40.8044 40.8044 40.8044 36.0694 36.0694 36.0694 40.7185 40.7185 40.7185 12.1655
16 32.0156 56.6392 48.8365 58.5235 46.8722 40.1622 27.0185 46.5296 29.8329 30.4138 58.8218 29.4109 40.3113 50.2195 62.2977 43.0465 0.0000 11.1803 37.0000 17.1172 11.1803 50.9902 15.2643 31.1448 9.0000 22.3607 32.0156 53.3385 65.7419 56.8595 69.2026 50.9608 63.8905 48.5077 51.6236 31.1448 30.6757 10.0499 21.9317 17.4929 11.7047 21.4709 26.4764 35.0143 46.1736 48.2701 62.2977 32.0156 32.0156 32.0156 53.3385 53.3385 53.3385 65.7419 65.7419 65.7419 56.8595 56.8595 56.8595 69.2026 69.2026 69.2026 50.9608 50.9608 50.9608 63.8905 63.8905 63.8905 48.5077 48.5077 48.5077 51.6236 51.6236 51.6236 31.1448 31.1448 31.1448 30.6757 30.6757 30.6757 10.0499 10.0499 10.0499 21.9317 21.9317 21.9317 17.4929 17.4929 17.4929 11.7047 11.7047 11.7047 21.4709 21.4709 21.4709 26.4764 26.4764 26.4764 35.0143 35.0143 35.0143 46.1736 46.1736 46.1736 48.2701 48.2701 48.2701 62.2977 62.2977 62.2977 32.0156
17 21.2132 45.9674 38.2099 49.1935 35.8050 33.2866 18.0278 37.9473 24.1868 20.0000 47.8017 22.8035 30.0000 40.7063 51.2445 31.9061 11.1803 0.0000 27.4591 14.4222 10.0000 45.0000 8.2462 26.9258 5.0990 11.1803 21.2132 44.3847 57.2451 45.8039 58.2580 40.0250 52.8867 38.0526 43.0116 21.0950 24.2074 6.0000 20.8806 6.4031 15.2315 14.0000 25.8070 31.9531 41.4367 42.0119 54.9181 21.2132 21.2132 21.2132 44.3847 44.3847 44.3847 57.2451 57.2451 57.2451 45.8039 45.8039 45.8039 58.2580 58.2580 58.2580 40.0250 40.0250 40.0250 52.8867 52.8867 52.8867 38.0526 38.0526 38.0526 43.0116 43.0116 43.0116 21.0950 21.0950 21.0950 24.2074 24.2074 24.2074 6.0000 6.0000 6.0000 20.8806 20.8806 20.8806 6.4031 6.4031 6.4031 15.2315 15.2315 15.2315 14.0000 14.0000 14.0000 25.8070 25.8070 25.8070 31.9531 31.9531 31.9531 41.4367 41.4367 41.4367 42.0119 42.0119 42.0119 54.9181 54.9181 54.9181 21.2132
18 23.3238 38.3275 14.2127 49.2544 26.0768 13.0384 10.0499 11.4018 41.7253 8.6023 35.7351 12.7279 5.8310 41.7732 29.7321 22.0000 37.0000 27.4591 0.0000 38.9102 27.4591 56.8243 31.7805 46.0109 28.0000 19.7231 23.3238 47.0744 59.5399 33.5261 45.6946 18.4391 30.6105 13.0384 16.1245 6.7082 12.8062 27.0185 25.8070 23.7697 42.4500 33.0151 49.3964 51.6624 56.6127 53.7122 61.4003 23.3238 23.3238 23.3238 47.0744 47.0744 47.0744 59.5399 59.5399 59.5399 33.5261 33.5261 33.5261 45.6946 45.6946 45.6946 18.4391 18.4391 18.4391 30.6105 30.6105 30.6105 13.0384 13.0384 13.0384 16.1245 16.1245 16.1245 6.7082 6.7082 6.7082 12.8062 12.8062 12.8062 27.0185 27.0185 27.0185 25.8070 25.8070 25.8070 23.7697 23.7697 23.7697 42.4500 42.4500 42.4500 33.0151 33.0151 33.0151 49.3964 49.3964 49.3964 51.6624 51.6624 51.6624 56.6127 56.6127 56.6127 53.7122 53.7122 53.7122 61.4003 61.4003 61.4003 23.3238
19 23.1948 45.1774 46.6905 43.8634 38.0789 46.8615 30.8058 50.1199 13.0000 30.4631 49.0408 36.7696 39.8497 36.1248 57.0789 35.3553 17.1172 14.4222 38.9102 0.0000 23.4094 33.9559 7.2111 14.0357 18.3848 19.3132 23.1948 38.2884 49.9300 47.4342 58.6003 47.0956 59.0339 47.0744 55.0091 32.2025 38.1838 19.6977 34.9285 15.2643 8.4853 8.2462 11.4018 18.2483 29.0689 31.3209 45.6946 23.1948 23.1948 23.1948 38.2884 38.2884 38.2884 49.9300 49.9300 49.9300 47.4342 47.4342 47.4342 58.6003 58.6003 58.6003 47.0956 47.0956 47.0956 59.0339 59.0339 59.0339 47.0744 47.0744 47.0744 55.0091 55.0091 55.0091 32.2025 32.2025 32.2025 38.1838 38.1838 38.1838 19.6977 19.6977 19.6977 34.9285 34.9285 34.9285 15.2643 15.2643 15.2643 8.4853 8.4853 8.4853 8.2462 8.2462 8.2462 11.4018 11.4018 11.4018 18.2483 18.2483 18.2483 29.0689 29.0689 29.0689 31.3209 31.3209 31.3209 45.6946 45.6946 45.6946 23.1948
20 29.1548 53.6004 40.4969 58.3095 42.4500 29.1204 17.4642 36.0555 34.1321 22.3607 54.4518 18.4391 31.6228 49.7695 55.0091 38.1838 11.1803 10.0000 27.4591 23.4094 0.0000 55.0000 18.1108 36.6742 5.0990 18.0278 29.1548 53.7587 66.7608 52.3259 65.0692 43.3820 56.3649 39.8497 41.1096 22.4722 19.6469 4.0000 11.6619 14.8661 21.2603 24.0000 34.4384 41.4849 51.3517 52.0096 64.7765 29.1548 29.1548 29.1548 53.7587 53.7587 53.7587 66.7608 66.7608 66.7608 52.3259 52.3259 52.3259 65.0692 65.0692 65.0692 43.3820 43.3820 43.3820 56.3649 56.3649 56.3649 39.8497 39.8497 39.8497 41.1096 41.1096 41.1096 22.4722 22.4722 22.4722 19.6469 19.6469 19.6469 4.0000 4.0000 4.0000 11.6619 11.6619 11.6619 14.8661 14.8661 14.8661 21.2603 21.2603 21.2603 24.0000 24.0000 24.0000 34.4384 34.4384 34.4384 41.4849 41.4849 41.4849 51.3517 51.3517 51.3517 52.0096 52.0096 52.0096 64.7765 64.7765 64.7765 29.1548
21 33.5410 34.1760 55.9017 22.0227 37.6431 68.9420 53.7587 67.4166 21.2132 49.2443 41.2311 61.6847 54.0833 21.0238 57.4543 38.8973 50.9902 45.0000 56.8243 33.9559 55.0000 0.0000 37.0540 20.2485 50.0100 41.2311 33.5410 17.4642 21.0238 41.1461 45.7056 53.0754 59.6825 57.3847 71.0282 51.4782 62.9365 51.0000 65.2763 41.3038 41.4367 31.0000 28.3019 18.6011 7.2111 3.1623 13.4536 33.5410 33.5410 33.5410 17.4642 17.4642 17.4642 21.0238 21.0238 21.0238 41.1461 41.1461 41.1461 45.7056 45.7056 45.7056 53.0754 53.0754 53.0754 59.6825 59.6825 59.6825 57.3847 57.3847 57.3847 71.0282 71.0282 71.0282 51.4782 51.4782 51.4782 62.9365 62.9365 62.9365 51.0000 51.0000 51.0000 65.2763 65.2763 65.2763 41.3038 41.3038 41.3038 41.4367 41.4367 41.4367 31.0000 31.0000 31.0000 28.3019 28.3019 28.3019 18.6011 18.6011 18.6011 7.2111 7.2111 7.2111 3.1623 3.1623 3.1623 13.4536 13.4536 13.4536 33.5410
22 18.3848 42.2019 40.1995 43.2666 33.6155 39.6989 23.6008 42.9418 16.0312 23.4094 45.1774 29.7321 32.9848 35.0000 51.4782 30.3645 15.2643 8.2462 31.7805 7.2111 18.1108 37.0540 0.0000 18.6815 13.0384 12.3693 18.3848 38.0789 50.5668 43.3820 55.2268 41.0122 53.3385 40.4475 47.8539 25.0799 31.1448 14.1421 29.1204 8.0623 12.1655 6.3246 18.3848 23.7697 33.2415 34.1321 47.5395 18.3848 18.3848 18.3848 38.0789 38.0789 38.0789 50.5668 50.5668 50.5668 43.3820 43.3820 43.3820 55.2268 55.2268 55.2268 41.0122 41.0122 41.0122 53.3385 53.3385 53.3385 40.4475 40.4475 40.4475 47.8539 47.8539 47.8539 25.0799 25.0799 25.0799 31.1448 31.1448 31.1448 14.1421 14.1421 14.1421 29.1204 29.1204 29.1204 8.0623 8.0623 8.0623 12.1655 12.1655 12.1655 6.3246 6.3246 6.3246 18.3848 18.3848 18.3848 23.7697 23.7697 23.7697 33.2415 33.2415 33.2415 34.1321 34.1321 34.1321 47.5395 47.5395 47.5395 18.3848
23 24.5967 39.6232 50.0899 34.1321 36.3456 56.2228 40.0000 57.3847 4.4721 37.4833 45.0999 47.1699 45.2217 27.8568 57.0701 35.1710 31.1448 26.9258 46.0109 14.0357 36.6742 20.2485 18.6815 0.0000 31.5753 27.0185 24.5967 28.3019 38.2099 44.0114 53.1507 49.0408 59.2284 51.0000 61.8466 39.5980 48.5489 32.7567 47.8017 25.0599 21.1896 13.8924 9.4340 5.6569 15.0333 17.8885 32.7567 24.5967 24.5967 24.5967 28.3019 28.3019 28.3019 38.2099 38.2099 38.2099 44.0114 44.0114 44.0114 53.1507 53.1507 53.1507 49.0408 49.0408 49.0408 59.2284 59.2284 59.2284 51.0000 51.0000 51.0000 61.8466 61.8466 61.8466 39.5980 39.5980 39.5980 48.5489 48.5489 48.5489 32.7567 32.7567 32.7567 47.8017 47.8017 47.8017 25.0599 25.0599 25.0599 21.1896 21.1896 21.1896 13.8924 13.8924 13.8924 9.4340 9.4340 9.4340 5.6569 5.6569 5.6569 15.0333 15.0333 15.0333 17.8885 17.8885 17.8885 32.7567 32.7567 32.7567 24.5967
24 25.6125 50.3289 40.0250 54.1295 39.6989 31.7805 18.0278 37.6563 29.0689 21.5870 51.7397 21.0238 31.4006 45.6180 53.8516 35.6090 9.0000 5.0990 28.0000 18.3848 5.0990 50.0100 13.0384 31.5753 0.0000 14.8661 25.6125 49.3964 62.2977 49.6790 62.2896 42.3792 55.3624 39.6232 42.7551 22.2036 22.3607 1.4142 16.5529 10.8167 17.0294 19.0263 29.5296 36.4005 46.2709 47.0425 60.0167 25.6125 25.6125 25.6125 49.3964 49.3964 49.3964 62.2977 62.2977 62.2977 49.6790 49.6790 49.6790 62.2896 62.2896 62.2896 42.3792 42.3792 42.3792 55.3624 55.3624 55.3624 39.6232 39.6232 39.6232 42.7551 42.7551 42.7551 22.2036 22.2036 22.2036 22.3607 22.3607 22.3607 1.4142 1.4142 1.4142 16.5529 16.5529 16.5529 10.8167 10.8167 10.8167 17.0294 17.0294 17.0294 19.0263 19.0263 19.0263 29.5296 29.5296 29.5296 36.4005 36.4005 36.4005 46.2709 46.2709 46.2709 47.0425 47.0425 47.0425 60.0167 60.0167 60.0167 25.6125
25 11.1803 35.6090 28.0179 40.8044 24.8395 29.2062 13.0384 31.0644 23.0217 11.1803 36.8782 20.6155 20.6155 32.2800 40.2616 20.8087 22.3607 11.1803 19.7231 19.3132 18.0278 41.2311 12.3693 27.0185 14.8661 0.0000 11.1803 36.6742 49.8197 34.8281 47.4236 29.2746 41.9762 28.1603 35.8469 13.0384 21.9317 14.8661 25.3180 5.0990 24.0208 13.4536 29.6816 32.6497 39.3954 38.0789 49.0000 11.1803 11.1803 11.1803 36.6742 36.6742 36.6742 49.8197 49.8197 49.8197 34.8281 34.8281 34.8281 47.4236 47.4236 47.4236 29.2746 29.2746 29.2746 41.9762 41.9762 41.9762 28.1603 28.1603 28.1603 35.8469 35.8469 35.8469 13.0384 13.0384 13.0384 21.9317 21.9317 21.9317 14.8661 14.8661 14.8661 25.3180 25.3180 25.3180 5.0990 5.0990 5.0990 24.0208 24.0208 24.0208 13.4536 13.4536 13.4536 29.6816 29.6816 29.6816 32.6497 32.6497 32.6497 39.3954 39.3954 39.3954 38.0789 38.0789 38.0789 49.0000 49.0000 49.0000 11.1803
26 0.0000 24.7588 25.4951 29.8329 15.2315 35.4683 21.0950 34.2053 20.1246 15.8114 26.9258 29.1548 21.2132 21.3776 34.0000 12.1655 32.0156 21.2132 23.3238 23.1948 29.1548 33.5410 18.3848 24.5967 25.6125 11.1803 0.0000 26.0768 39.2046 25.0599 37.2022 24.7386 36.0139 26.4197 38.2099 18.0278 30.2655 25.8070 36.1386 14.8661 30.3645 15.0333 30.5941 30.0167 33.4215 30.4138 39.3192 0.0000 0.0000 0.0000 26.0768 26.0768 26.0768 39.2046 39.2046 39.2046 25.0599 25.0599 25.0599 37.2022 37.2022 37.2022 24.7386 24.7386 24.7386 36.0139 36.0139 36.0139 26.4197 26.4197 26.4197 38.2099 38.2099 38.2099 18.0278 18.0278 18.0278 30.2655 30.2655 30.2655 25.8070 25.8070 25.8070 36.1386 36.1386 36.1386 14.8661 14.8661 14.8661 30.3645 30.3645 30.3645 15.0333 15.0333 15.0333 30.5941 30.5941 30.5941 30.0167 30.0167 30.0167 33.4215 33.4215 33.4215 30.4138 30.4138 30.4138 39.3192 39.3192 39.3192 0.0000
30 26.0768 17.0000 42.5441 5.8310 23.3238 60.0167 47.0000 56.3028 26.2488 41.1096 24.1868 55.0091 43.0116 5.3852 41.2311 26.0000 53.3385 44.3847 47.0744 38.2884 53.7587 17.4642 38.0789 28.3019 49.3964 36.6742 26.0768 0.0000 13.1529 24.4131 28.2843 38.8330 43.4166 44.2945 59.0931 43.1856 56.0357 49.9800 61.9839 38.8973 46.7547 31.9061 37.7359 30.0832 23.0000 16.0312 14.7648 26.0768 26.0768 26.0768 0.0000 0.0000 0.0000 13.1529 13.1529 13.1529 24.4131 24.4131 24.4131 28.2843 28.2843 28.2843 38.8330 38.8330 38.8330 43.4166 43.4166 43.4166 44.2945 44.2945 44.2945 59.0931 59.0931 59.0931 43.1856 43.1856 43.1856 56.0357 56.0357 56.0357 49.9800 49.9800 49.9800 61.9839 61.9839 61.9839 38.8973 38.8973 38.8973 46.7547 46.7547 46.7547 31.9061 31.9061 31.9061 37.7359 37.7359 37.7359 30.0832 30.0832 30.0832 23.0000 23.0000 23.0000 16.0312 16.0312 16.0312 14.7648 14.7648 14.7648 26.0768
34 39.2046 24.6982 53.4883 10.4403 34.4819 72.5603 60.0333 68.1542 37.2022 54.0093 31.4006 68.0074 55.1090 18.0000 49.2037 37.8550 65.7419 57.2451 59.5399 49.9300 66.7608 21.0238 50.5668 38.2099 62.2977 49.8197 39.2046 13.1529 0.0000 32.4500 31.0644 49.2443 51.2250 55.3624 70.5195 56.0357 69.0000 62.9365 75.1332 51.9230 58.2495 44.2832 47.3814 38.4187 28.1780 21.6333 9.0000 39.2046 39.2046 39.2046 13.1529 13.1529 13.1529 0.0000 0.0000 0.0000 32.4500 32.4500 32.4500 31.0644 31.0644 31.0644 49.2443 49.2443 49.2443 51.2250 51.2250 51.2250 55.3624 55.3624 55.3624 70.5195 70.5195 70.5195 56.0357 56.0357 56.0357 69.0000 69.0000 69.0000 62.9365 62.9365 62.9365 75.1332 75.1332 75.1332 51.9230 51.9230 51.9230 58.2495 58.2495 58.2495 44.2832 44.2832 44.2832 47.3814 47.3814 47.3814 38.4187 38.4187 38.4187 28.1780 28.1780 28.1780 21.6333 21.6333 21.6333 9.0000 9.0000 9.0000 39.2046
38 25.0599 7.8102 23.0217 22.6716 10.0000 45.8912 38.5876 39.0128 40.1123 31.9061 2.2361 45.1885 27.8927 20.1246 16.9706 14.1421 56.8595 45.8039 33.5261 47.4342 52.3259 41.1461 43.3820 44.0114 49.6790 34.8281 25.0599 24.4131 32.4500 0.0000 12.8062 18.1108 19.1050 25.0200 40.1995 33.1210 45.6946 49.5782 56.3028 39.4081 55.1543 39.2173 52.3450 48.0937 45.2217 39.0000 38.1838 25.0599 25.0599 25.0599 24.4131 24.4131 24.4131 32.4500 32.4500 32.4500 0.0000 0.0000 0.0000 12.8062 12.8062 12.8062 18.1108 18.1108 18.1108 19.1050 19.1050 19.1050 25.0200 25.0200 25.0200 40.1995 40.1995 40.1995 33.1210 33.1210 33.1210 45.6946 45.6946 45.6946 49.5782 49.5782 49.5782 56.3028 56.3028 56.3028 39.4081 39.4081 39.4081 55.1543 55.1543 55.1543 39.2173 39.2173 39.2173 52.3450 52.3450 52.3450 48.0937 48.0937 48.0937 45.2217 45.2217 45.2217 39.0000 39.0000 39.0000 38.1838 38.1838 38.1838 25.0599
42 37.2022 13.6015 33.7343 24.0416 22.6274 57.5674 51.3128 49.8197 49.7293 44.6542 10.6301 57.7062 39.9249 26.0192 22.3607 26.9072 69.2026 58.2580 45.6946 58.6003 65.0692 45.7056 55.2268 53.1507 62.2896 47.4236 37.2022 28.2843 31.0644 12.8062 0.0000 28.6356 23.7697 35.6931 50.1597 45.7930 58.1378 62.2415 69.0652 51.8556 66.6483 50.5371 62.0967 56.4358 51.1566 44.2832 38.9102 37.2022 37.2022 37.2022 28.2843 28.2843 28.2843 31.0644 31.0644 31.0644 12.8062 12.8062 12.8062 0.0000 0.0000 0.0000 28.6356 28.6356 28.6356 23.7697 23.7697 23.7697 35.6931 35.6931 35.6931 50.1597 50.1597 50.1597 45.7930 45.7930 45.7930 58.1378 58.1378 58.1378 62.2415 62.2415 62.2415 69.0652 69.0652 69.0652 51.8556 51.8556 51.8556 66.6483 66.6483 66.6483 50.5371 50.5371 50.5371 62.0967 62.0967 62.0967 56.4358 56.4358 56.4358 51.1566 51.1566 51.1566 44.2832 44.2832 44.2832 38.9102 38.9102 38.9102 37.2022
46 24.7386 25.0000 5.0990 38.9102 15.6205 29.1548 26.6271 21.2132 44.5982 21.0238 20.0250 31.1448 12.7279 33.6006 11.6619 14.4222 50.9608 40.0250 18.4391 47.0956 43.3820 53.0754 41.0122 49.0408 42.3792 29.2746 24.7386 38.8330 49.2443 18.1108 28.6356 0.0000 13.0000 7.0711 22.0907 21.0950 31.2410 41.7852 43.9318 34.3657 53.0848 39.3192 55.3173 54.2310 55.2178 50.3289 53.5350 24.7386 24.7386 24.7386 38.8330 38.8330 38.8330 49.2443 49.2443 49.2443 18.1108 18.1108 18.1108 28.6356 28.6356 28.6356 0.0000 0.0000 0.0000 13.0000 13.0000 13.0000 7.0711 7.0711 7.0711 22.0907 22.0907 22.0907 21.0950 21.0950 21.0950 31.2410 31.2410 31.2410 41.7852 41.7852 41.7852 43.9318 43.9318 43.9318 34.3657 34.3657 34.3657 53.0848 53.0848 53.0848 39.3192 39.3192 39.3192 55.3173 55.3173 55.3173 54.2310 54.2310 54.2310 55.2178 55.2178 55.2178 50.3289 50.3289 50.3289 53.5350 53.5350 53.5350 24.7386
50 36.0139 26.8701 16.4012 41.7253 23.0868 39.4081 39.4462 30.0167 54.9181 34.0147 19.8494 43.2782 25.2389 38.8330 2.2361 24.1868 63.8905 52.8867 30.6105 59.0339 56.3649 59.6825 53.3385 59.2284 55.3624 41.9762 36.0139 43.4166 51.2250 19.1050 23.7697 13.0000 0.0000 17.6918 28.7924 34.0000 43.1856 54.7814 56.4004 47.0744 65.4905 51.0000 66.3702 64.0312 63.0714 57.3062 57.2800 36.0139 36.0139 36.0139 43.4166 43.4166 43.4166 51.2250 51.2250 51.2250 19.1050 19.1050 19.1050 23.7697 23.7697 23.7697 13.0000 13.0000 13.0000 0.0000 0.0000 0.0000 17.6918 17.6918 17.6918 28.7924 28.7924 28.7924 34.0000 34.0000 34.0000 43.1856 43.1856 43.1856 54.7814 54.7814 54.7814 56.4004 56.4004 56.4004 47.0744 47.0744 47.0744 65.4905 65.4905 65.4905 51.0000 51.0000 51.0000 66.3702 66.3702 66.3702 64.0312 64.0312 64.0312 63.0714 63.0714 63.0714 57.3062 57.3062 57.3062 57.2800 57.2800 57.2800 36.0139
54 26.4197 31.5753 2.0000 44.9444 21.0238 22.3607 22.4722 14.1421 46.5296 18.1108 27.0000 25.6125 8.2462 38.9487 17.0294 18.6011 48.5077 38.0526 13.0384 47.0744 39.8497 57.3847 40.4475 51.0000 39.6232 28.1603 26.4197 44.2945 55.3624 25.0200 35.6931 7.0711 17.6918 0.0000 15.2971 17.4642 25.4951 38.8330 38.8330 33.0606 52.1536 39.8497 56.3028 56.4358 58.7963 54.4885 59.0593 26.4197 26.4197 26.4197 44.2945 44.2945 44.2945 55.3624 55.3624 55.3624 25.0200 25.0200 25.0200 35.6931 35.6931 35.6931 7.0711 7.0711 7.0711 17.6918 17.6918 17.6918 0.0000 0.0000 0.0000 15.2971 15.2971 15.2971 17.4642 17.4642 17.4642 25.4951 25.4951 25.4951 38.8330 38.8330 38.8330 38.8330 38.8330 38.8330 33.0606 33.0606 33.0606 52.1536 52.1536 52.1536 39.8497 39.8497 39.8497 56.3028 56.3028 56.3028 56.4358 56.4358 56.4358 58.7963 58.7963 58.7963 54.4885 54.4885 54.4885 59.0593 59.0593 59.0593 26.4197
58 38.2099 46.8722 17.2627 60.0833 36.0555 13.9284 25.0000 5.0990 57.4891 24.6982 42.1070 23.0217 17.0294 53.7122 29.1204 33.1059 51.6236 43.0116 16.1245 55.0091 41.1096 71.0282 47.8539 61.8466 42.7551 35.8469 38.2099 59.0931 70.5195 40.1995 50.1597 22.0907 28.7924 15.2971 0.0000 22.8254 22.0907 41.5933 35.6931 39.8121 58.1893 49.0918 65.5134 67.4759 71.5891 68.0074 73.8241 38.2099 38.2099 38.2099 59.0931 59.0931 59.0931 70.5195 70.5195 70.5195 40.1995 40.1995 40.1995 50.1597 50.1597 50.1597 22.0907 22.0907 22.0907 28.7924 28.7924 28.7924 15.2971 15.2971 15.2971 0.0000 0.0000 0.0000 22.8254 22.8254 22.8254 22.0907 22.0907 22.0907 41.5933 41.5933 41.5933 35.6931 35.6931 35.6931 39.8121 39.8121 39.8121 58.1893 58.1893 58.1893 49.0918 49.0918 49.0918 65.5134 65.5134 65.5134 67.4759 67.4759 67.4759 71.5891 71.5891 71.5891 68.0074 68.0074 68.0074 73.8241 73.8241 73.8241 38.2099
62 18.0278 36.6879 18.0278 46.0109 24.3516 17.4642 5.6569 18.0278 35.3836 2.2361 35.3553 12.3693 9.2195 38.0526 32.7567 19.9249 31.1448 21.0950 6.7082 32.2025 22.4722 51.4782 25.0799 39.5980 22.2036 13.0384 18.0278 43.1856 56.0357 33.1210 45.7930 21.0950 34.0000 17.4642 22.8254 0.0000 13.1529 21.3776 23.4307 17.0880 35.9026 26.4008 42.7200 45.2548 50.7740 48.3322 57.0701 18.0278 18.0278 18.0278 43.1856 43.1856 43.1856 56.0357 56.0357 56.0357 33.1210 33.1210 33.1210 45.7930 45.7930 45.7930 21.0950 21.0950 21.0950 34.0000 34.0000 34.0000 17.4642 17.4642 17.4642 22.8254 22.8254 22.8254 0.0000 0.0000 0.0000 13.1529 13.1529 13.1529 21.3776 21.3776 21.3776 23.4307 23.4307 23.4307 17.0880 17.0880 17.0880 35.9026 35.9026 35.9026 26.4008 26.4008 26.4008 42.7200 42.7200 42.7200 45.2548 45.2548 45.2548 50.7740 50.7740 50.7740 48.3322 48.3322 48.3322 57.0701 57.0701 57.0701 18.0278
66 30.2655 49.7293 26.8701 59.0762 37.3631 9.4868 9.2195 17.2627 44.7772 15.0333 47.9270 1.4142 18.6011 51.0000 42.4264 32.9848 30.6757 24.2074 12.8062 38.1838 19.6469 62.9365 31.1448 48.5489 22.3607 21.9317 30.2655 56.0357 69.0000 45.6946 58.1378 31.2410 43.1856 25.4951 22.0907 13.1529 0.0000 21.0238 13.9284 23.6008 39.1152 34.6699 49.5177 54.0833 61.3270 59.7746 69.5845 30.2655 30.2655 30.2655 56.0357 56.0357 56.0357 69.0000 69.0000 69.0000 45.6946 45.6946 45.6946 58.1378 58.1378 58.1378 31.2410 31.2410 31.2410 43.1856 43.1856 43.1856 25.4951 25.4951 25.4951 22.0907 22.0907 22.0907 13.1529 13.1529 13.1529 0.0000 0.0000 0.0000 21.0238 21.0238 21.0238 13.9284 13.9284 13.9284 23.6008 23.6008 23.6008 39.1152 39.1152 39.1152 34.6699 34.6699 34.6699 49.5177 49.5177 49.5177 54.0833 54.0833 54.0833 61.3270 61.3270 61.3270 59.7746 59.7746 59.7746 69.5845 69.5845 69.5845 30.2655
70 25.8070 50.4480 39.2938 54.6260 39.6232 30.4631 17.0000 36.4966 30.1496 20.8806 51.6624 19.6977 30.5941 46.0977 53.3104 35.4683 10.0499 6.0000 27.0185 19.6977 4.0000 51.0000 14.1421 32.7567 1.4142 14.8661 25.8070 49.9800 62.9365 49.5782 62.2415 41.7852 54.7814 38.8330 41.5933 21.3776 21.0238 0.0000 15.2315 11.1803 18.4391 20.0000 30.8869 37.6431 47.3814 48.0104 60.8276 25.8070 25.8070 25.8070 49.9800 49.9800 49.9800 62.9365 62.9365 62.9365 49.5782 49.5782 49.5782 62.2415 62.2415 62.2415 41.7852 41.7852 41.7852 54.7814 54.7814 54.7814 38.8330 38.8330 38.8330 41.5933 41.5933 41.5933 21.3776 21.3776 21.3776 21.0238 21.0238 21.0238 0.0000 0.0000 0.0000 15.2315 15.2315 15.2315 11.1803 11.1803 11.1803 18.4391 18.4391 18.4391 20.0000 20.0000 20.0000 30.8869 30.8869 30.8869 37.6431 37.6431 37.6431 47.3814 47.3814 47.3814 48.0104 48.0104 48.0104 60.8276 60.8276 60.8276 25.8070
74 36.1386 59.0339 40.0000 65.9697 47.0106 22.0907 17.8045 31.0483 44.9110 24.4131 58.5235 13.4164 31.2410 57.4891 55.4437 42.5441 21.9317 20.8806 25.8070 34.9285 11.6619 65.2763 29.1204 47.8017 16.5529 25.3180 36.1386 61.9839 75.1332 56.3028 69.0652 43.9318 56.4004 38.8330 35.6931 23.4307 13.9284 15.2315 0.0000 24.0208 32.8024 34.5254 46.0652 52.8110 62.1691 62.2013 74.1080 36.1386 36.1386 36.1386 61.9839 61.9839 61.9839 75.1332 75.1332 75.1332 56.3028 56.3028 56.3028 69.0652 69.0652 69.0652 43.9318 43.9318 43.9318 56.4004 56.4004 56.4004 38.8330 38.8330 38.8330 35.6931 35.6931 35.6931 23.4307 23.4307 23.4307 13.9284 13.9284 13.9284 15.2315 15.2315 15.2315 0.0000 0.0000 0.0000 24.0208 24.0208 24.0208 32.8024 32.8024 32.8024 34.5254 34.5254 34.5254 46.0652 46.0652 46.0652 52.8110 52.8110 52.8110 62.1691 62.1691 62.1691 62.2013 62.2013 62.2013 74.1080 74.1080 74.1080 36.1386
