set F_UNIQ := 26 30 34 38 42 46 50 54 58 62 66 70 74 78 82 86 90 94 98 102 106;
set F_NODES[26] := 26 27 28 29;
set F_NODES[30] := 30 31 32 33;
set F_NODES[34] := 34 35 36 37;
set F_NODES[38] := 38 39 40 41;
set F_NODES[42] := 42 43 44 45;
set F_NODES[46] := 46 47 48 49;
set F_NODES[50] := 50 51 52 53;
set F_NODES[54] := 54 55 56 57;
set F_NODES[58] := 58 59 60 61;
set F_NODES[62] := 62 63 64 65;
set F_NODES[66] := 66 67 68 69;
set F_NODES[70] := 70 71 72 73;
set F_NODES[74] := 74 75 76 77;
set F_NODES[78] := 78 79 80 81;
set F_NODES[82] := 82 83 84 85;
set F_NODES[86] := 86 87 88 89;
set F_NODES[90] := 90 91 92 93;
set F_NODES[94] := 94 95 96 97;
set F_NODES[98] := 98 99 100 101;
set F_NODES[102] := 102 103 104 105;
set F_NODES[106] := 106 107 108 109;
#definition

# set
set V := 1 2 3 4 5 6 7 8 9 10 11 12 13 14 15 
16 17 18 19 20 21 22 23 24 25 ; 	# customer set
set F := 26 30 34 38 42 
46 50 54 58 F35
66 70 74 78 F40
86 90 94 98 102 F46
27 28 29  
31 32 33 
35 36 37 
39 40 41 
43 44 45 
47 48 49 
51 52 53 
55 56 57 
59 60 61 
63 64 65 
67 68 69 
71 72 73 
75 76 77 
79 80 81 
83 84 85 
87 88 89 
91 92 93 
95 96 97 
99 100 101 
103 104 105 
107 108 109  ;#recharging & battery swapping station
set D0 :=0;
set Dsig :=110;


# param
param CV := 200;    		# ECV fixed cost(Topic Given)
param C := 1000;   		# ECV max load
param Q := 159.68; 		# ECV/BSV battery level
param h := 1;     		# ECV consumption

param CB := 267;    		# BSV fixed cost(Topic Given)
param Qplun := 5;       # BSV max load(battery)
param hplun := 1;     	# BSV consumption
param W := 319.36;		# BSV battery level

param Ct := 10 ;		# travel cost
param Cr := 100 ;		# recharging cost
param lamda := 0.00;	# battery swap time
param Cb ;  	    # battery swap cost(BSS/BSV)
param n :=25;	   		# number of customers
param g := 0.57 ;     	# the recharging rate of ECV 



# customer demend
param m :=
0 0
1 10
2 10
3 3
4 30
5 10
6 20
7 40
8 30
9 3
10 10
11 30
12 17
13 20
14 6
15 30
16 19
17 15
18 10
19 18
20 20
21 14
22 13
23 10
24 20
25 6
26 0
30 0
34 0
38 0
42 0
46 0
50 0
54 0
58 0
62 0
66 0
70 0
74 0
78 0
82 0
86 0
90 0
94 0
98 0
102 0
106 0
27 0
28 0
29 0
31 0
32 0
33 0
35 0
36 0
37 0
39 0
40 0
41 0
43 0
44 0
45 0
47 0
48 0
49 0
51 0
52 0
53 0
55 0
56 0
57 0
59 0
60 0
61 0
63 0
64 0
65 0
67 0
68 0
69 0
71 0
72 0
73 0
75 0
76 0
77 0
79 0
80 0
81 0
83 0
84 0
85 0
87 0
88 0
89 0
91 0
92 0
93 0
95 0
96 0
97 0
99 0
100 0
101 0
103 0
104 0
105 0
107 0
108 0
109 0
110 0;

param e :=
0 0
1 0
2 0
3 0
4 352
5 0
6 0
7 0
8 0
9 0
10 0
11 0
12 0
13 0
14 0
15 278
16 0
17 308
18 0
19 395
20 782
21 0
22 0
23 0
24 0
25 0
26 0
30 0
34 0
38 0
42 0
46 0
50 0
54 0
58 0
62 0
66 0
70 0
74 0
78 0
82 0
86 0
90 0
94 0
98 0
102 0
106 0
27 0
28 0
29 0
31 0
32 0
33 0
35 0
36 0
37 0
39 0
40 0
41 0
43 0
44 0
45 0
47 0
48 0
49 0
51 0
52 0
53 0
55 0
56 0
57 0
59 0
60 0
61 0
63 0
64 0
65 0
67 0
68 0
69 0
71 0
72 0
73 0
75 0
76 0
77 0
79 0
80 0
81 0
83 0
84 0
85 0
87 0
88 0
89 0
91 0
92 0
93 0
95 0
96 0
97 0
99 0
100 0
101 0
103 0
104 0
105 0
107 0
108 0
109 0
110 0;

param l :=
0 960
1 912
2 937
3 925
4 472
5 898
6 892
7 906
8 919
9 928
10 916
11 914
12 929
13 909
14 929
15 398
16 931
17 428
18 909
19 515
20 902
21 930
22 937
23 910
24 911
25 945
26 960
30 960
34 960
38 960
42 960
46 960
50 960
54 960
58 960
62 960
66 960
70 960
74 960
78 960
82 960
86 960
90 960
94 960
98 960
102 960
106 960
27 960
28 960
29 960
31 960
32 960
33 960
35 960
36 960
37 960
39 960
40 960
41 960
43 960
44 960
45 960
47 960
48 960
49 960
51 960
52 960
53 960
55 960
56 960
57 960
59 960
60 960
61 960
63 960
64 960
65 960
67 960
68 960
69 960
71 960
72 960
73 960
75 960
76 960
77 960
79 960
80 960
81 960
83 960
84 960
85 960
87 960
88 960
89 960
91 960
92 960
93 960
95 960
96 960
97 960
99 960
100 960
101 960
103 960
104 960
105 960
107 960
108 960
109 960
110 960;

param s :=
0 0
1 10
2 10
3 10
4 10
5 10
6 10
7 10
8 10
9 10
10 10
11 10
12 10
13 10
14 10
15 10
16 10
17 10
18 10
19 10
20 10
21 10
22 10
23 10
24 10
25 10
26 0
30 0
34 0
38 0
42 0
46 0
50 0
54 0
58 0
62 0
66 0
70 0
74 0
78 0
82 0
86 0
90 0
94 0
98 0
102 0
106 0
27 0
28 0
29 0
31 0
32 0
33 0
35 0
36 0
37 0
39 0
40 0
41 0
43 0
44 0
45 0
47 0
48 0
49 0
51 0
52 0
53 0
55 0
56 0
57 0
59 0
60 0
61 0
63 0
64 0
65 0
67 0
68 0
69 0
71 0
72 0
73 0
75 0
76 0
77 0
79 0
80 0
81 0
83 0
84 0
85 0
87 0
88 0
89 0
91 0
92 0
93 0
95 0
96 0
97 0
99 0
100 0
101 0
103 0
104 0
105 0
107 0
108 0
109 0
110 0;

param d : 0 1 2 3 4 5 6 7 8 9 10 11 12 13 14 15 16 17 18 19 20 21 22 23 24 25 26 30 34 38 42 46 50 54 58 62 66 70 74 78 82 86 90 94 98 102 106 27 28 29 31 32 33 35 36 37 39 40 41 43 44 45 47 48 49 51 52 53 55 56 57 59 60 61 63 64 65 67 68 69 71 72 73 75 76 77 79 80 81 83 84 85 87 88 89 91 92 93 95 96 97 99 100 101 103 104 105 107 108 109 110 :=
0 0.0000 37.7359 12.0416 25.0000 38.4708 51.4782 57.0088 43.0116 30.8058 21.0950 33.5410 35.3412 20.6155 40.3113 20.6155 37.2022 18.0278 20.5183 40.6079 27.0185 47.1699 19.2354 12.0416 39.3573 38.0789 4.2426 0.0000 33.0606 50.2494 32.6497 48.6004 31.0483 46.0109 34.4819 48.8365 23.4094 39.4588 33.0151 46.5725 19.1050 38.8973 19.0263 39.8121 38.0789 42.6380 38.4708 50.3587 0.0000 0.0000 0.0000 33.0606 33.0606 33.0606 50.2494 50.2494 50.2494 32.6497 32.6497 32.6497 48.6004 48.6004 48.6004 31.0483 31.0483 31.0483 46.0109 46.0109 46.0109 34.4819 34.4819 34.4819 48.8365 48.8365 48.8365 23.4094 23.4094 23.4094 39.4588 39.4588 39.4588 33.0151 33.0151 33.0151 46.5725 46.5725 46.5725 19.1050 19.1050 19.1050 38.8973 38.8973 38.8973 19.0263 19.0263 19.0263 39.8121 39.8121 39.8121 38.0789 38.0789 38.0789 42.6380 42.6380 42.6380 38.4708 38.4708 38.4708 50.3587 50.3587 50.3587 0.0000
1 37.7359 0.0000 37.6431 52.2398 19.7990 86.4523 88.5099 45.0999 7.2801 50.8035 35.0571 70.0928 57.6975 42.0595 57.6281 42.0476 55.7584 47.3814 45.0000 64.6375 72.1734 53.7587 49.4065 3.6056 5.8310 38.9102 37.7359 60.9016 75.0267 35.1283 49.4975 12.1655 23.6008 3.6056 16.0312 24.0832 32.2025 51.4782 50.6063 45.3982 69.4622 54.4243 76.3217 75.8024 79.3095 73.5935 79.6492 37.7359 37.7359 37.7359 60.9016 60.9016 60.9016 75.0267 75.0267 75.0267 35.1283 35.1283 35.1283 49.4975 49.4975 49.4975 12.1655 12.1655 12.1655 23.6008 23.6008 23.6008 3.6056 3.6056 3.6056 16.0312 16.0312 16.0312 24.0832 24.0832 24.0832 32.2025 32.2025 32.2025 51.4782 51.4782 51.4782 50.6063 50.6063 50.6063 45.3982 45.3982 45.3982 69.4622 69.4622 69.4622 54.4243 54.4243 54.4243 76.3217 76.3217 76.3217 75.8024 75.8024 75.8024 79.3095 79.3095 79.3095 73.5935 73.5935 73.5935 79.6492 79.6492 79.6492 37.7359
2 12.0416 37.6431 0.0000 36.8782 44.1475 48.8365 51.4296 31.3847 31.9061 13.4164 22.8035 32.5269 28.2843 50.6952 22.1359 25.5539 23.0217 32.5269 28.8444 30.0832 58.8218 29.5466 16.0000 38.1838 36.1248 16.2788 12.0416 24.7386 41.1096 21.8403 36.8917 27.8029 39.2938 34.0588 51.4782 31.0000 48.0416 45.0000 57.5847 31.1448 49.6588 28.7924 47.0106 42.2019 42.4382 36.0694 43.3244 12.0416 12.0416 12.0416 24.7386 24.7386 24.7386 41.1096 41.1096 41.1096 21.8403 21.8403 21.8403 36.8917 36.8917 36.8917 27.8029 27.8029 27.8029 39.2938 39.2938 39.2938 34.0588 34.0588 34.0588 51.4782 51.4782 51.4782 31.0000 31.0000 31.0000 48.0416 48.0416 48.0416 45.0000 45.0000 45.0000 57.5847 57.5847 57.5847 31.1448 31.1448 31.1448 49.6588 49.6588 49.6588 28.7924 28.7924 28.7924 47.0106 47.0106 47.0106 42.2019 42.2019 42.2019 42.4382 42.4382 42.4382 36.0694 36.0694 36.0694 43.3244 43.3244 43.3244 12.0416
3 25.0000 52.2398 36.8782 0.0000 42.4853 60.2080 70.1783 68.0074 45.0999 42.1900 58.3095 47.2652 20.0000 29.1548 31.7805 62.2013 25.4951 5.0990 65.6049 32.0156 22.3607 12.0416 26.8328 55.0818 55.0000 20.8087 25.0000 52.8015 69.6419 57.4543 73.6003 50.4876 67.4685 50.0400 57.0088 28.8617 35.3836 12.0416 31.0483 7.0711 17.2627 14.0357 29.8329 36.4005 48.5077 49.0408 66.4906 25.0000 25.0000 25.0000 52.8015 52.8015 52.8015 69.6419 69.6419 69.6419 57.4543 57.4543 57.4543 73.6003 73.6003 73.6003 50.4876 50.4876 50.4876 67.4685 67.4685 67.4685 50.0400 50.0400 50.0400 57.0088 57.0088 57.0088 28.8617 28.8617 28.8617 35.3836 35.3836 35.3836 12.0416 12.0416 12.0416 31.0483 31.0483 31.0483 7.0711 7.0711 7.0711 17.2627 17.2627 17.2627 14.0357 14.0357 14.0357 29.8329 29.8329 29.8329 36.4005 36.4005 36.4005 48.5077 48.5077 48.5077 49.0408 49.0408 49.0408 66.4906 66.4906 66.4906 25.0000
4 38.4708 19.7990 44.1475 42.4853 0.0000 89.9444 94.9210 61.4003 17.4642 57.2800 50.4480 73.7902 54.4518 23.7697 58.8303 57.2713 55.0000 38.5876 60.6383 64.2028 58.6941 48.2701 50.2494 23.3452 25.4951 37.4433 38.4708 68.8840 85.0000 50.2195 66.4078 28.6356 43.2782 20.8087 15.1327 15.6205 13.0000 37.6563 31.9531 36.8917 59.2368 49.5782 70.8025 73.5527 80.7094 76.9415 87.3613 38.4708 38.4708 38.4708 68.8840 68.8840 68.8840 85.0000 85.0000 85.0000 50.2195 50.2195 50.2195 66.4078 66.4078 66.4078 28.6356 28.6356 28.6356 43.2782 43.2782 43.2782 20.8087 20.8087 20.8087 15.1327 15.1327 15.1327 15.6205 15.6205 15.6205 13.0000 13.0000 13.0000 37.6563 37.6563 37.6563 31.9531 31.9531 31.9531 36.8917 36.8917 36.8917 59.2368 59.2368 59.2368 49.5782 49.5782 49.5782 70.8025 70.8025 70.8025 73.5527 73.5527 73.5527 80.7094 80.7094 80.7094 76.9415 76.9415 76.9415 87.3613 87.3613 87.3613 38.4708
5 51.4782 86.4523 48.8365 60.2080 89.9444 0.0000 14.1421 63.2456 80.4301 36.1248 62.6498 16.4012 40.3113 87.3212 31.3847 59.6154 36.4005 59.8415 60.4070 28.2843 71.5891 48.3735 39.8121 87.0000 84.8528 52.8015 51.4782 29.5466 30.4138 61.7738 65.9697 76.3806 84.5991 82.8794 99.6243 74.6860 89.5377 72.2496 90.9340 60.2080 58.2495 46.3897 39.5601 27.2029 12.1655 13.0384 19.6469 51.4782 51.4782 51.4782 29.5466 29.5466 29.5466 30.4138 30.4138 30.4138 61.7738 61.7738 61.7738 65.9697 65.9697 65.9697 76.3806 76.3806 76.3806 84.5991 84.5991 84.5991 82.8794 82.8794 82.8794 99.6243 99.6243 99.6243 74.6860 74.6860 74.6860 89.5377 89.5377 89.5377 72.2496 72.2496 72.2496 90.9340 90.9340 90.9340 60.2080 60.2080 60.2080 58.2495 58.2495 58.2495 46.3897 46.3897 46.3897 39.5601 39.5601 39.5601 27.2029 27.2029 27.2029 12.1655 12.1655 12.1655 13.0384 13.0384 13.0384 19.6469 19.6469 19.6469 51.4782
6 57.0088 88.5099 51.4296 70.1783 94.9210 14.1421 0.0000 58.3095 83.2406 38.0132 60.2080 23.0000 50.2494 95.5249 39.0512 55.8032 45.0000 69.0000 55.7584 38.4708 83.8153 58.1378 46.5296 88.4816 86.0233 59.2284 57.0088 27.8029 20.6155 59.4643 59.9333 77.4209 82.8070 84.9058 102.8834 80.3617 96.3172 82.0975 100.0450 69.0290 70.5195 56.1427 52.7731 40.2492 25.0599 21.2132 10.2956 57.0088 57.0088 57.0088 27.8029 27.8029 27.8029 20.6155 20.6155 20.6155 59.4643 59.4643 59.4643 59.9333 59.9333 59.9333 77.4209 77.4209 77.4209 82.8070 82.8070 82.8070 84.9058 84.9058 84.9058 102.8834 102.8834 102.8834 80.3617 80.3617 80.3617 96.3172 96.3172 96.3172 82.0975 82.0975 82.0975 100.0450 100.0450 100.0450 69.0290 69.0290 69.0290 70.5195 70.5195 70.5195 56.1427 56.1427 56.1427 52.7731 52.7731 52.7731 40.2492 40.2492 40.2492 25.0599 25.0599 25.0599 21.2132 21.2132 21.2132 10.2956 10.2956 10.2956 57.0088
7 43.0116 45.0999 31.3847 68.0074 61.4003 63.2456 58.3095 0.0000 44.1475 33.2415 11.1803 50.4876 58.5235 76.3217 48.8365 5.8310 52.2015 63.4114 3.0000 56.5685 90.1388 60.8276 45.8803 43.0000 40.0000 47.2017 43.0116 33.9559 39.0512 11.6619 5.6569 33.3766 28.2312 42.2966 61.0328 54.2033 70.2638 74.9667 84.3149 61.8466 80.9506 59.9333 75.9276 68.2642 62.5140 53.7587 48.0208 43.0116 43.0116 43.0116 33.9559 33.9559 33.9559 39.0512 39.0512 39.0512 11.6619 11.6619 11.6619 5.6569 5.6569 5.6569 33.3766 33.3766 33.3766 28.2312 28.2312 28.2312 42.2966 42.2966 42.2966 61.0328 61.0328 61.0328 54.2033 54.2033 54.2033 70.2638 70.2638 70.2638 74.9667 74.9667 74.9667 84.3149 84.3149 84.3149 61.8466 61.8466 61.8466 80.9506 80.9506 80.9506 59.9333 59.9333 59.9333 75.9276 75.9276 75.9276 68.2642 68.2642 68.2642 62.5140 62.5140 62.5140 53.7587 53.7587 53.7587 48.0208 48.0208 48.0208 43.0116
8 30.8058 7.2801 31.9061 45.0999 17.4642 80.4301 83.2406 44.1475 0.0000 45.2769 33.3766 64.0312 50.5371 37.2022 50.9902 40.3113 48.8262 40.1995 43.5660 57.8014 65.3758 46.4866 42.6380 10.0000 10.4403 31.7648 30.8058 55.9464 70.8802 33.2415 49.0408 11.1803 27.0185 5.0990 19.6977 17.4642 28.3196 44.9110 45.8039 38.2099 62.2896 47.1699 69.0797 68.7968 72.8354 67.4759 74.7329 30.8058 30.8058 30.8058 55.9464 55.9464 55.9464 70.8802 70.8802 70.8802 33.2415 33.2415 33.2415 49.0408 49.0408 49.0408 11.1803 11.1803 11.1803 27.0185 27.0185 27.0185 5.0990 5.0990 5.0990 19.6977 19.6977 19.6977 17.4642 17.4642 17.4642 28.3196 28.3196 28.3196 44.9110 44.9110 44.9110 45.8039 45.8039 45.8039 38.2099 38.2099 38.2099 62.2896 62.2896 62.2896 47.1699 47.1699 47.1699 69.0797 69.0797 69.0797 68.7968 68.7968 68.7968 72.8354 72.8354 72.8354 67.4759 67.4759 67.4759 74.7329 74.7329 74.7329 30.8058
9 21.0950 50.8035 13.4164 42.1900 57.2800 36.1248 38.0132 33.2415 45.2769 0.0000 28.6356 20.2485 27.2029 61.4003 15.8114 28.0179 20.2485 38.9102 30.2655 23.3452 62.2896 31.8904 15.6205 51.0882 48.8365 24.5153 21.0950 12.0000 29.1548 27.6586 37.8550 40.3113 49.1935 47.2017 64.8845 43.4166 60.1332 52.3927 67.4685 38.0789 51.0882 30.4138 43.0116 35.0571 31.3847 23.8537 30.0832 21.0950 21.0950 21.0950 12.0000 12.0000 12.0000 29.1548 29.1548 29.1548 27.6586 27.6586 27.6586 37.8550 37.8550 37.8550 40.3113 40.3113 40.3113 49.1935 49.1935 49.1935 47.2017 47.2017 47.2017 64.8845 64.8845 64.8845 43.4166 43.4166 43.4166 60.1332 60.1332 60.1332 52.3927 52.3927 52.3927 67.4685 67.4685 67.4685 38.0789 38.0789 38.0789 51.0882 51.0882 51.0882 30.4138 30.4138 30.4138 43.0116 43.0116 43.0116 35.0571 35.0571 35.0571 31.3847 31.3847 31.3847 23.8537 23.8537 23.8537 30.0832 30.0832 30.0832 21.0950
10 33.5410 35.0571 22.8035 58.3095 50.4480 62.6498 60.2080 11.1803 33.3766 28.6356 0.0000 48.1041 50.9902 65.1920 43.0116 7.0000 45.2769 53.5350 10.1980 51.0392 80.6226 52.2015 38.4708 33.3766 30.4138 37.5899 33.5410 33.2866 43.0116 1.0000 16.6433 23.0000 22.6274 32.0000 51.0882 43.0465 59.0931 64.5368 73.2393 51.8652 72.2357 51.5461 69.3542 63.1269 59.7746 51.6236 50.2096 33.5410 33.5410 33.5410 33.2866 33.2866 33.2866 43.0116 43.0116 43.0116 1.0000 1.0000 1.0000 16.6433 16.6433 16.6433 23.0000 23.0000 23.0000 22.6274 22.6274 22.6274 32.0000 32.0000 32.0000 51.0882 51.0882 51.0882 43.0465 43.0465 43.0465 59.0931 59.0931 59.0931 64.5368 64.5368 64.5368 73.2393 73.2393 73.2393 51.8652 51.8652 51.8652 72.2357 72.2357 72.2357 51.5461 51.5461 51.5461 69.3542 69.3542 69.3542 63.1269 63.1269 63.1269 59.7746 59.7746 59.7746 51.6236 51.6236 51.6236 50.2096 50.2096 50.2096 33.5410
11 35.3412 70.0928 32.5269 47.2652 73.7902 16.4012 23.0000 50.4876 64.0312 20.2485 48.1041 0.0000 27.4591 72.6911 16.1245 46.0977 22.0000 46.0000 47.5184 16.1555 62.2415 35.2278 24.0416 70.7107 68.6222 37.0000 35.3412 17.0294 26.9072 47.1699 54.0833 60.2080 69.3542 66.5282 83.2346 58.6941 74.0405 59.1354 77.0584 46.0435 49.1935 33.2415 33.9411 22.2036 12.0416 3.6056 20.1246 35.3412 35.3412 35.3412 17.0294 17.0294 17.0294 26.9072 26.9072 26.9072 47.1699 47.1699 47.1699 54.0833 54.0833 54.0833 60.2080 60.2080 60.2080 69.3542 69.3542 69.3542 66.5282 66.5282 66.5282 83.2346 83.2346 83.2346 58.6941 58.6941 58.6941 74.0405 74.0405 74.0405 59.1354 59.1354 59.1354 77.0584 77.0584 77.0584 46.0435 46.0435 46.0435 49.1935 49.1935 49.1935 33.2415 33.2415 33.2415 33.9411 33.9411 33.9411 22.2036 22.2036 22.2036 12.0416 12.0416 12.0416 3.6056 3.6056 3.6056 20.1246 20.1246 20.1246 35.3412
12 20.6155 57.6975 28.2843 20.0000 54.4518 40.3113 50.2494 58.5235 50.5371 27.2029 50.9902 27.4591 0.0000 47.4342 13.0384 52.8110 7.0711 19.6469 55.7136 12.0416 36.0555 8.0623 12.6491 59.6154 58.5235 18.7883 20.6155 35.6090 51.4782 50.0100 63.6946 51.6624 66.2722 54.6260 67.0075 38.8973 51.1077 32.0156 50.6360 20.2485 24.0416 6.0828 19.2354 19.1050 28.8617 29.0689 47.1275 20.6155 20.6155 20.6155 35.6090 35.6090 35.6090 51.4782 51.4782 51.4782 50.0100 50.0100 50.0100 63.6946 63.6946 63.6946 51.6624 51.6624 51.6624 66.2722 66.2722 66.2722 54.6260 54.6260 54.6260 67.0075 67.0075 67.0075 38.8973 38.8973 38.8973 51.1077 51.1077 51.1077 32.0156 32.0156 32.0156 50.6360 50.6360 50.6360 20.2485 20.2485 20.2485 24.0416 24.0416 24.0416 6.0828 6.0828 6.0828 19.2354 19.2354 19.2354 19.1050 19.1050 19.1050 28.8617 28.8617 28.8617 29.0689 29.0689 29.0689 47.1275 47.1275 47.1275 20.6155
13 40.3113 42.0595 50.6952 29.1548 23.7697 87.3212 95.5249 76.3217 37.2022 61.4003 65.1920 72.6911 47.4342 0.0000 56.5685 71.1969 50.9902 27.8568 74.7930 59.2030 38.0789 39.5601 49.0918 45.6508 47.1699 37.0540 40.3113 73.3348 90.5539 64.6607 81.8352 47.4236 64.2028 41.8808 38.2099 22.2036 11.0454 19.1050 8.6023 27.2029 42.5206 41.4367 58.8218 65.3070 76.2430 75.1332 90.0056 40.3113 40.3113 40.3113 73.3348 73.3348 73.3348 90.5539 90.5539 90.5539 64.6607 64.6607 64.6607 81.8352 81.8352 81.8352 47.4236 47.4236 47.4236 64.2028 64.2028 64.2028 41.8808 41.8808 41.8808 38.2099 38.2099 38.2099 22.2036 22.2036 22.2036 11.0454 11.0454 11.0454 19.1050 19.1050 19.1050 8.6023 8.6023 8.6023 27.2029 27.2029 27.2029 42.5206 42.5206 42.5206 41.4367 41.4367 41.4367 58.8218 58.8218 58.8218 65.3070 65.3070 65.3070 76.2430 76.2430 76.2430 75.1332 75.1332 75.1332 90.0056 90.0056 90.0056 40.3113
14 20.6155 57.6281 22.1359 31.7805 58.8303 31.3847 39.0512 48.8365 50.9902 15.8114 43.0116 16.1245 13.0384 56.5685 0.0000 43.4166 6.3246 30.0666 45.8912 8.0623 49.0918 19.9249 8.6023 58.8218 57.1402 21.4709 20.6155 22.6716 38.4708 42.0119 53.6004 49.2443 61.4003 54.2033 69.4262 43.4166 58.1893 43.4166 61.0082 30.0000 36.8782 18.0278 27.2029 20.2237 22.0227 18.6815 34.7131 20.6155 20.6155 20.6155 22.6716 22.6716 22.6716 38.4708 38.4708 38.4708 42.0119 42.0119 42.0119 53.6004 53.6004 53.6004 49.2443 49.2443 49.2443 61.4003 61.4003 61.4003 54.2033 54.2033 54.2033 69.4262 69.4262 69.4262 43.4166 43.4166 43.4166 58.1893 58.1893 58.1893 43.4166 43.4166 43.4166 61.0082 61.0082 61.0082 30.0000 30.0000 30.0000 36.8782 36.8782 36.8782 18.0278 18.0278 18.0278 27.2029 27.2029 27.2029 20.2237 20.2237 20.2237 22.0227 22.0227 22.0227 18.6815 18.6815 18.6815 34.7131 34.7131 34.7131 20.6155
15 37.2022 42.0476 25.5539 62.2013 57.2713 59.6154 55.8032 5.8310 40.3113 28.0179 7.0000 46.0977 52.8110 71.1969 43.4166 0.0000 46.5725 57.6281 3.6056 51.2445 84.3149 55.0091 40.1622 40.3113 37.3363 41.4005 37.2022 30.0832 37.5366 7.0711 11.4018 30.0000 28.0179 39.0000 58.0775 49.1935 65.5515 69.2965 79.0759 56.0803 75.1332 54.1295 70.4060 63.0714 58.0517 49.4773 45.6070 37.2022 37.2022 37.2022 30.0832 30.0832 30.0832 37.5366 37.5366 37.5366 7.0711 7.0711 7.0711 11.4018 11.4018 11.4018 30.0000 30.0000 30.0000 28.0179 28.0179 28.0179 39.0000 39.0000 39.0000 58.0775 58.0775 58.0775 49.1935 49.1935 49.1935 65.5515 65.5515 65.5515 69.2965 69.2965 69.2965 79.0759 79.0759 79.0759 56.0803 56.0803 56.0803 75.1332 75.1332 75.1332 54.1295 54.1295 54.1295 70.4060 70.4060 70.4060 63.0714 63.0714 63.0714 58.0517 58.0517 58.0517 49.4773 49.4773 49.4773 45.6070 45.6070 45.6070 37.2022
16 18.0278 55.7584 23.0217 25.4951 55.0000 36.4005 45.0000 52.2015 48.8262 20.2485 45.2769 22.0000 7.0711 50.9902 6.3246 46.5725 0.0000 24.0000 49.3356 9.2195 43.0116 13.6015 7.0711 57.3062 55.9017 17.6918 18.0278 28.6007 44.7214 44.2832 57.2451 48.4665 61.9839 52.4786 66.4831 39.4081 53.3104 37.2156 55.0818 24.0832 31.1127 11.7047 24.0832 20.1246 25.9422 24.1868 41.0000 18.0278 18.0278 18.0278 28.6007 28.6007 28.6007 44.7214 44.7214 44.7214 44.2832 44.2832 44.2832 57.2451 57.2451 57.2451 48.4665 48.4665 48.4665 61.9839 61.9839 61.9839 52.4786 52.4786 52.4786 66.4831 66.4831 66.4831 39.4081 39.4081 39.4081 53.3104 53.3104 53.3104 37.2156 37.2156 37.2156 55.0818 55.0818 55.0818 24.0832 24.0832 24.0832 31.1127 31.1127 31.1127 11.7047 11.7047 11.7047 24.0832 24.0832 24.0832 20.1246 20.1246 20.1246 25.9422 25.9422 25.9422 24.1868 24.1868 24.1868 41.0000 41.0000 41.0000 18.0278
17 20.5183 47.3814 32.5269 5.0990 38.5876 59.8415 69.0000 63.4114 40.1995 38.9102 53.5350 46.0000 19.6469 27.8568 30.0666 57.6281 24.0000 0.0000 61.0737 31.5753 27.3130 11.7047 24.0416 50.1597 50.0100 16.2788 20.5183 49.9800 67.0522 52.6972 69.0290 45.3982 62.3699 45.0999 52.8015 24.3516 32.6497 13.6015 31.1448 2.0000 22.0907 13.6015 32.5576 37.5899 48.5077 48.0937 64.6297 20.5183 20.5183 20.5183 49.9800 49.9800 49.9800 67.0522 67.0522 67.0522 52.6972 52.6972 52.6972 69.0290 69.0290 69.0290 45.3982 45.3982 45.3982 62.3699 62.3699 62.3699 45.0999 45.0999 45.0999 52.8015 52.8015 52.8015 24.3516 24.3516 24.3516 32.6497 32.6497 32.6497 13.6015 13.6015 13.6015 31.1448 31.1448 31.1448 2.0000 2.0000 2.0000 22.0907 22.0907 22.0907 13.6015 13.6015 13.6015 32.5576 32.5576 32.5576 37.5899 37.5899 37.5899 48.5077 48.5077 48.5077 48.0937 48.0937 48.0937 64.6297 64.6297 64.6297 20.5183
18 40.6079 45.0000 28.8444 65.6049 60.6383 60.4070 55.7584 3.0000 43.5660 30.2655 10.1980 47.5184 55.7136 74.7930 45.8912 3.6056 49.3356 61.0737 0.0000 53.6004 87.6584 58.1808 43.0813 43.1045 40.1123 44.8219 40.6079 31.0483 36.7967 10.4403 8.0623 33.0606 29.5296 42.0476 61.0082 52.7731 69.0797 72.8354 82.6801 59.5483 78.2943 57.2451 73.0068 65.2763 59.5399 50.8035 45.4863 40.6079 40.6079 40.6079 31.0483 31.0483 31.0483 36.7967 36.7967 36.7967 10.4403 10.4403 10.4403 8.0623 8.0623 8.0623 33.0606 33.0606 33.0606 29.5296 29.5296 29.5296 42.0476 42.0476 42.0476 61.0082 61.0082 61.0082 52.7731 52.7731 52.7731 69.0797 69.0797 69.0797 72.8354 72.8354 72.8354 82.6801 82.6801 82.6801 59.5483 59.5483 59.5483 78.2943 78.2943 78.2943 57.2451 57.2451 57.2451 73.0068 73.0068 73.0068 65.2763 65.2763 65.2763 59.5399 59.5399 59.5399 50.8035 50.8035 50.8035 45.4863 45.4863 45.4863 40.6079
19 27.0185 64.6375 30.0832 32.0156 64.2028 28.2843 38.4708 56.5685 57.8014 23.3452 51.0392 16.1555 12.0416 59.2030 8.0623 51.2445 9.2195 31.5753 53.6004 0.0000 46.0977 20.0998 15.2643 66.0379 64.4981 26.9072 27.0185 28.0179 42.0119 50.0400 61.1882 56.7979 69.3758 61.2944 75.6637 48.6004 62.1691 44.0454 62.6498 32.0156 33.1210 18.1108 20.1246 12.1655 17.0880 17.2627 36.2491 27.0185 27.0185 27.0185 28.0179 28.0179 28.0179 42.0119 42.0119 42.0119 50.0400 50.0400 50.0400 61.1882 61.1882 61.1882 56.7979 56.7979 56.7979 69.3758 69.3758 69.3758 61.2944 61.2944 61.2944 75.6637 75.6637 75.6637 48.6004 48.6004 48.6004 62.1691 62.1691 62.1691 44.0454 44.0454 44.0454 62.6498 62.6498 62.6498 32.0156 32.0156 32.0156 33.1210 33.1210 33.1210 18.1108 18.1108 18.1108 20.1246 20.1246 20.1246 12.1655 12.1655 12.1655 17.0880 17.0880 17.0880 17.2627 17.2627 17.2627 36.2491 36.2491 36.2491 27.0185
20 47.1699 72.1734 58.8218 22.3607 58.6941 71.5891 83.8153 90.1388 65.3758 62.2896 80.6226 62.2415 36.0555 38.0789 49.0918 84.3149 43.0116 27.3130 87.6584 46.0977 0.0000 30.4138 46.6905 75.3260 75.6637 43.0465 47.1699 71.6101 87.4643 79.7559 95.6922 72.0347 89.2861 70.4557 73.8241 48.0937 48.0833 21.0950 34.4093 29.1548 13.3417 31.8904 33.0151 44.5533 59.4390 62.9682 82.3468 47.1699 47.1699 47.1699 71.6101 71.6101 71.6101 87.4643 87.4643 87.4643 79.7559 79.7559 79.7559 95.6922 95.6922 95.6922 72.0347 72.0347 72.0347 89.2861 89.2861 89.2861 70.4557 70.4557 70.4557 73.8241 73.8241 73.8241 48.0937 48.0937 48.0937 48.0833 48.0833 48.0833 21.0950 21.0950 21.0950 34.4093 34.4093 34.4093 29.1548 29.1548 29.1548 13.3417 13.3417 13.3417 31.8904 31.8904 31.8904 33.0151 33.0151 33.0151 44.5533 44.5533 44.5533 59.4390 59.4390 59.4390 62.9682 62.9682 62.9682 82.3468 82.3468 82.3468 47.1699
21 19.2354 53.7587 29.5466 12.0416 48.2701 48.3735 58.1378 60.8276 46.4866 31.8904 52.2015 35.2278 8.0623 39.5601 19.9249 55.0091 13.6015 11.7047 58.1808 20.0998 30.4138 0.0000 16.2788 56.0446 55.3173 16.0000 19.2354 41.6773 58.1808 51.2640 66.2420 49.2544 65.0308 50.9608 61.5873 33.0151 43.8292 24.0000 42.5793 12.5300 20.1246 2.0000 22.8254 26.0768 36.8782 37.0135 54.5711 19.2354 19.2354 19.2354 41.6773 41.6773 41.6773 58.1808 58.1808 58.1808 51.2640 51.2640 51.2640 66.2420 66.2420 66.2420 49.2544 49.2544 49.2544 65.0308 65.0308 65.0308 50.9608 50.9608 50.9608 61.5873 61.5873 61.5873 33.0151 33.0151 33.0151 43.8292 43.8292 43.8292 24.0000 24.0000 24.0000 42.5793 42.5793 42.5793 12.5300 12.5300 12.5300 20.1246 20.1246 20.1246 2.0000 2.0000 2.0000 22.8254 22.8254 22.8254 26.0768 26.0768 26.0768 36.8782 36.8782 36.8782 37.0135 37.0135 37.0135 54.5711 54.5711 54.5711 19.2354
22 12.0416 49.4065 16.0000 26.8328 50.2494 39.8121 46.5296 45.8803 42.6380 15.6205 38.4708 24.0416 12.6491 49.0918 8.6023 40.1622 7.0711 24.0416 43.0813 15.2643 46.6905 16.2788 0.0000 50.7740 49.2443 13.0000 12.0416 26.0000 43.0116 37.4833 51.0784 41.6293 54.9181 46.0435 60.8769 34.8855 50.0000 37.6431 54.1479 23.5372 35.8050 14.8661 31.0161 26.9258 30.6105 26.9258 41.0488 12.0416 12.0416 12.0416 26.0000 26.0000 26.0000 43.0116 43.0116 43.0116 37.4833 37.4833 37.4833 51.0784 51.0784 51.0784 41.6293 41.6293 41.6293 54.9181 54.9181 54.9181 46.0435 46.0435 46.0435 60.8769 60.8769 60.8769 34.8855 34.8855 34.8855 50.0000 50.0000 50.0000 37.6431 37.6431 37.6431 54.1479 54.1479 54.1479 23.5372 23.5372 23.5372 35.8050 35.8050 35.8050 14.8661 14.8661 14.8661 31.0161 31.0161 31.0161 26.9258 26.9258 26.9258 30.6105 30.6105 30.6105 26.9258 26.9258 26.9258 41.0488 41.0488 41.0488 12.0416
23 39.3573 3.6056 38.1838 55.0818 23.3452 87.0000 88.4816 43.0000 10.0000 51.0882 33.3766 70.7107 59.6154 45.6508 58.8218 40.3113 57.3062 50.1597 43.1045 66.0379 75.3260 56.0446 50.7740 0.0000 3.0000 40.8534 39.3573 60.7454 74.3236 33.5410 47.1699 11.1803 20.2485 5.0990 18.1108 27.2947 35.8050 54.7449 54.2033 48.1664 72.2496 56.6127 78.4347 77.4145 80.2808 74.2496 79.4040 39.3573 39.3573 39.3573 60.7454 60.7454 60.7454 74.3236 74.3236 74.3236 33.5410 33.5410 33.5410 47.1699 47.1699 47.1699 11.1803 11.1803 11.1803 20.2485 20.2485 20.2485 5.0990 5.0990 5.0990 18.1108 18.1108 18.1108 27.2947 27.2947 27.2947 35.8050 35.8050 35.8050 54.7449 54.7449 54.7449 54.2033 54.2033 54.2033 48.1664 48.1664 48.1664 72.2496 72.2496 72.2496 56.6127 56.6127 56.6127 78.4347 78.4347 78.4347 77.4145 77.4145 77.4145 80.2808 80.2808 80.2808 74.2496 74.2496 74.2496 79.4040 79.4040 79.4040 39.3573
24 38.0789 5.8310 36.1248 55.0000 25.4951 84.8528 86.0233 40.0000 10.4403 48.8365 30.4138 68.6222 58.5235 47.1699 57.1402 37.3363 55.9017 50.0100 40.1123 64.4981 75.6637 55.3173 49.2443 3.0000 0.0000 39.8497 38.0789 58.2495 71.5891 30.5941 44.1814 8.6023 17.8045 5.3852 21.0950 27.8927 37.6431 55.3173 55.7584 48.0104 72.0625 55.7853 77.4919 76.0263 78.4092 72.1803 76.8505 38.0789 38.0789 38.0789 58.2495 58.2495 58.2495 71.5891 71.5891 71.5891 30.5941 30.5941 30.5941 44.1814 44.1814 44.1814 8.6023 8.6023 8.6023 17.8045 17.8045 17.8045 5.3852 5.3852 5.3852 21.0950 21.0950 21.0950 27.8927 27.8927 27.8927 37.6431 37.6431 37.6431 55.3173 55.3173 55.3173 55.7584 55.7584 55.7584 48.0104 48.0104 48.0104 72.0625 72.0625 72.0625 55.7853 55.7853 55.7853 77.4919 77.4919 77.4919 76.0263 76.0263 76.0263 78.4092 78.4092 78.4092 72.1803 72.1803 72.1803 76.8505 76.8505 76.8505 38.0789
25 4.2426 38.9102 16.2788 20.8087 37.4433 52.8015 59.2284 47.2017 31.7648 24.5153 37.5899 37.0000 18.7883 37.0540 21.4709 41.4005 17.6918 16.2788 44.8219 26.9072 43.0465 16.0000 13.0000 40.8534 39.8497 0.0000 4.2426 36.3456 53.6004 36.7151 52.8015 33.3766 49.0408 35.8469 48.8365 21.9545 37.1080 28.8444 42.9535 14.8661 35.1710 16.1245 37.6431 37.2022 43.2666 39.9249 53.0848 4.2426 4.2426 4.2426 36.3456 36.3456 36.3456 53.6004 53.6004 53.6004 36.7151 36.7151 36.7151 52.8015 52.8015 52.8015 33.3766 33.3766 33.3766 49.0408 49.0408 49.0408 35.8469 35.8469 35.8469 48.8365 48.8365 48.8365 21.9545 21.9545 21.9545 37.1080 37.1080 37.1080 28.8444 28.8444 28.8444 42.9535 42.9535 42.9535 14.8661 14.8661 14.8661 35.1710 35.1710 35.1710 16.1245 16.1245 16.1245 37.6431 37.6431 37.6431 37.2022 37.2022 37.2022 43.2666 43.2666 43.2666 39.9249 39.9249 39.9249 53.0848 53.0848 53.0848 4.2426
26 0.0000 37.7359 12.0416 25.0000 38.4708 51.4782 57.0088 43.0116 30.8058 21.0950 33.5410 35.3412 20.6155 40.3113 20.6155 37.2022 18.0278 20.5183 40.6079 27.0185 47.1699 19.2354 12.0416 39.3573 38.0789 4.2426 0.0000 33.0606 50.2494 32.6497 48.6004 31.0483 46.0109 34.4819 48.8365 23.4094 39.4588 33.0151 46.5725 19.1050 38.8973 19.0263 39.8121 38.0789 42.6380 38.4708 50.3587 0.0000 0.0000 0.0000 33.0606 33.0606 33.0606 50.2494 50.2494 50.2494 32.6497 32.6497 32.6497 48.6004 48.6004 48.6004 31.0483 31.0483 31.0483 46.0109 46.0109 46.0109 34.4819 34.4819 34.4819 48.8365 48.8365 48.8365 23.4094 23.4094 23.4094 39.4588 39.4588 39.4588 33.0151 33.0151 33.0151 46.5725 46.5725 46.5725 19.1050 19.1050 19.1050 38.8973 38.8973 38.8973 19.0263 19.0263 19.0263 39.8121 39.8121 39.8121 38.0789 38.0789 38.0789 42.6380 42.6380 42.6380 38.4708 38.4708 38.4708 50.3587 50.3587 50.3587 0.0000
30 33.0606 60.9016 24.7386 52.8015 68.8840 29.5466 27.8029 33.9559 55.9464 12.0000 33.2866 17.0294 35.6090 73.3348 22.6716 30.0832 28.6007 49.9800 31.0483 28.0179 71.6101 41.6773 26.0000 60.7454 58.2495 36.3456 33.0606 0.0000 17.2627 32.4500 37.2156 49.6488 55.6058 57.3062 75.6439 55.3263 72.1110 63.5689 79.2465 49.3356 59.5483 39.9625 48.0208 37.6962 29.0000 20.0250 18.7883 33.0606 33.0606 33.0606 0.0000 0.0000 0.0000 17.2627 17.2627 17.2627 32.4500 32.4500 32.4500 37.2156 37.2156 37.2156 49.6488 49.6488 49.6488 55.6058 55.6058 55.6058 57.3062 57.3062 57.3062 75.6439 75.6439 75.6439 55.3263 55.3263 55.3263 72.1110 72.1110 72.1110 63.5689 63.5689 63.5689 79.2465 79.2465 79.2465 49.3356 49.3356 49.3356 59.5483 59.5483 59.5483 39.9625 39.9625 39.9625 48.0208 48.0208 48.0208 37.6962 37.6962 37.6962 29.0000 29.0000 29.0000 20.0250 20.0250 20.0250 18.7883 18.7883 18.7883 33.0606
34 50.2494 75.0267 41.1096 69.6419 85.0000 30.4138 20.6155 39.0512 70.8802 29.1548 43.0116 26.9072 51.4782 90.5539 38.4708 37.5366 44.7214 67.0522 36.7967 42.0119 87.4643 58.1808 43.0116 74.3236 71.5891 53.6004 50.2494 17.2627 0.0000 42.4382 39.9625 63.1585 65.4370 71.5122 90.4434 72.0625 89.0056 80.6536 96.5091 66.4831 74.8866 56.3649 60.8276 49.0408 36.2353 28.0179 11.0000 50.2494 50.2494 50.2494 17.2627 17.2627 17.2627 0.0000 0.0000 0.0000 42.4382 42.4382 42.4382 39.9625 39.9625 39.9625 63.1585 63.1585 63.1585 65.4370 65.4370 65.4370 71.5122 71.5122 71.5122 90.4434 90.4434 90.4434 72.0625 72.0625 72.0625 89.0056 89.0056 89.0056 80.6536 80.6536 80.6536 96.5091 96.5091 96.5091 66.4831 66.4831 66.4831 74.8866 74.8866 74.8866 56.3649 56.3649 56.3649 60.8276 60.8276 60.8276 49.0408 49.0408 49.0408 36.2353 36.2353 36.2353 28.0179 28.0179 28.0179 11.0000 11.0000 11.0000 50.2494
38 32.6497 35.1283 21.8403 57.4543 50.2195 61.7738 59.4643 11.6619 33.2415 27.6586 1.0000 47.1699 50.0100 64.6607 42.0119 7.0711 44.2832 52.6972 10.4403 50.0400 79.7559 51.2640 37.4833 33.5410 30.5941 36.7151 32.6497 32.4500 42.4382 0.0000 17.2047 23.0217 23.3452 32.0156 51.1566 42.5441 58.6941 63.7809 72.6705 51.0392 71.3092 50.5964 68.3593 62.1289 58.8218 50.6952 49.4975 32.6497 32.6497 32.6497 32.4500 32.4500 32.4500 42.4382 42.4382 42.4382 0.0000 0.0000 0.0000 17.2047 17.2047 17.2047 23.0217 23.0217 23.0217 23.3452 23.3452 23.3452 32.0156 32.0156 32.0156 51.1566 51.1566 51.1566 42.5441 42.5441 42.5441 58.6941 58.6941 58.6941 63.7809 63.7809 63.7809 72.6705 72.6705 72.6705 51.0392 51.0392 51.0392 71.3092 71.3092 71.3092 50.5964 50.5964 50.5964 68.3593 68.3593 68.3593 62.1289 62.1289 62.1289 58.8218 58.8218 58.8218 50.6952 50.6952 50.6952 49.4975 49.4975 49.4975 32.6497
42 48.6004 49.4975 36.8917 73.6003 66.4078 65.9697 59.9333 5.6569 49.0408 37.8550 16.6433 54.0833 63.6946 81.8352 53.6004 11.4018 57.2451 69.0290 8.0623 61.1882 95.6922 66.2420 51.0784 47.1699 44.1814 52.8015 48.6004 37.2156 39.9625 17.2047 0.0000 38.0789 30.8058 46.8722 65.2763 59.6825 75.5844 80.6226 89.8721 67.4759 86.3539 65.2993 80.7775 72.6911 66.1211 57.2189 49.6588 48.6004 48.6004 48.6004 37.2156 37.2156 37.2156 39.9625 39.9625 39.9625 17.2047 17.2047 17.2047 0.0000 0.0000 0.0000 38.0789 38.0789 38.0789 30.8058 30.8058 30.8058 46.8722 46.8722 46.8722 65.2763 65.2763 65.2763 59.6825 59.6825 59.6825 75.5844 75.5844 75.5844 80.6226 80.6226 80.6226 89.8721 89.8721 89.8721 67.4759 67.4759 67.4759 86.3539 86.3539 86.3539 65.2993 65.2993 65.2993 80.7775 80.7775 80.7775 72.6911 72.6911 72.6911 66.1211 66.1211 66.1211 57.2189 57.2189 57.2189 49.6588 49.6588 49.6588 48.6004
46 31.0483 12.1655 27.8029 50.4876 28.6356 76.3806 77.4209 33.3766 11.1803 40.3113 23.0000 60.2080 51.6624 47.4236 49.2443 30.0000 48.4665 45.3982 33.0606 56.7979 72.0347 49.2544 41.6293 11.1803 8.6023 33.3766 31.0483 49.6488 63.1585 23.0217 38.0789 0.0000 17.4642 9.0000 28.1603 26.0768 39.2046 52.5547 55.9732 43.4166 67.1193 49.4975 70.8308 68.5420 70.2140 63.7809 68.2642 31.0483 31.0483 31.0483 49.6488 49.6488 49.6488 63.1585 63.1585 63.1585 23.0217 23.0217 23.0217 38.0789 38.0789 38.0789 0.0000 0.0000 0.0000 17.4642 17.4642 17.4642 9.0000 9.0000 9.0000 28.1603 28.1603 28.1603 26.0768 26.0768 26.0768 39.2046 39.2046 39.2046 52.5547 52.5547 52.5547 55.9732 55.9732 55.9732 43.4166 43.4166 43.4166 67.1193 67.1193 67.1193 49.4975 49.4975 49.4975 70.8308 70.8308 70.8308 68.5420 68.5420 68.5420 70.2140 70.2140 70.2140 63.7809 63.7809 63.7809 68.2642 68.2642 68.2642 31.0483
50 46.0109 23.6008 39.2938 67.4685 43.2782 84.5991 82.8070 28.2312 27.0185 49.1935 22.6274 69.3542 66.2722 64.2028 61.4003 28.0179 61.9839 62.3699 29.5296 69.3758 89.2861 65.0308 54.9181 20.2485 17.8045 49.0408 46.0109 55.6058 65.4370 23.3452 30.8058 17.4642 0.0000 22.6274 37.3363 43.4166 55.1725 70.0071 72.8011 60.4152 83.7257 65.0000 85.4751 81.4923 80.5295 72.9452 72.8354 46.0109 46.0109 46.0109 55.6058 55.6058 55.6058 65.4370 65.4370 65.4370 23.3452 23.3452 23.3452 30.8058 30.8058 30.8058 17.4642 17.4642 17.4642 0.0000 0.0000 0.0000 22.6274 22.6274 22.6274 37.3363 37.3363 37.3363 43.4166 43.4166 43.4166 55.1725 55.1725 55.1725 70.0071 70.0071 70.0071 72.8011 72.8011 72.8011 60.4152 60.4152 60.4152 83.7257 83.7257 83.7257 65.0000 65.0000 65.0000 85.4751 85.4751 85.4751 81.4923 81.4923 81.4923 80.5295 80.5295 80.5295 72.9452 72.9452 72.9452 72.8354 72.8354 72.8354 46.0109
54 34.4819 3.6056 34.0588 50.0400 20.8087 82.8794 84.9058 42.2966 5.0990 47.2017 32.0000 66.5282 54.6260 41.8808 54.2033 39.0000 52.4786 45.0999 42.0476 61.2944 70.4557 50.9608 46.0435 5.0990 5.3852 35.8469 34.4819 57.3062 71.5122 32.0156 46.8722 9.0000 22.6274 0.0000 19.2354 22.5610 32.5576 50.0100 50.4777 43.1045 67.1863 51.5461 73.3894 72.5603 75.8222 70.0357 76.0592 34.4819 34.4819 34.4819 57.3062 57.3062 57.3062 71.5122 71.5122 71.5122 32.0156 32.0156 32.0156 46.8722 46.8722 46.8722 9.0000 9.0000 9.0000 22.6274 22.6274 22.6274 0.0000 0.0000 0.0000 19.2354 19.2354 19.2354 22.5610 22.5610 22.5610 32.5576 32.5576 32.5576 50.0100 50.0100 50.0100 50.4777 50.4777 50.4777 43.1045 43.1045 43.1045 67.1863 67.1863 67.1863 51.5461 51.5461 51.5461 73.3894 73.3894 73.3894 72.5603 72.5603 72.5603 75.8222 75.8222 75.8222 70.0357 70.0357 70.0357 76.0592 76.0592 76.0592 34.4819
58 48.8365 16.0312 51.4782 57.0088 15.1327 99.6243 102.8834 61.0328 19.6977 64.8845 51.0882 83.2346 67.0075 38.2099 69.4262 58.0775 66.4831 52.8015 61.0082 75.6637 73.8241 61.5873 60.8769 18.1108 21.0950 48.8365 48.8365 75.6439 90.4434 51.1566 65.2763 28.1603 37.3363 19.2354 0.0000 28.6531 27.1662 52.7731 45.8912 50.9902 74.0000 62.6817 84.3801 85.9127 91.4385 86.6083 94.4299 48.8365 48.8365 48.8365 75.6439 75.6439 75.6439 90.4434 90.4434 90.4434 51.1566 51.1566 51.1566 65.2763 65.2763 65.2763 28.1603 28.1603 28.1603 37.3363 37.3363 37.3363 19.2354 19.2354 19.2354 0.0000 0.0000 0.0000 28.6531 28.6531 28.6531 27.1662 27.1662 27.1662 52.7731 52.7731 52.7731 45.8912 45.8912 45.8912 50.9902 50.9902 50.9902 74.0000 74.0000 74.0000 62.6817 62.6817 62.6817 84.3801 84.3801 84.3801 85.9127 85.9127 85.9127 91.4385 91.4385 91.4385 86.6083 86.6083 86.6083 94.4299 94.4299 94.4299 48.8365
62 23.4094 24.0832 31.0000 28.8617 15.6205 74.6860 80.3617 54.2033 17.4642 43.4166 43.0465 58.6941 38.8973 22.2036 43.4166 49.1935 39.4081 24.3516 52.7731 48.6004 48.0937 33.0151 34.8855 27.2947 27.8927 21.9545 23.4094 55.3263 72.0625 42.5441 59.6825 26.0768 43.4166 22.5610 28.6531 0.0000 17.1172 27.4591 30.4795 22.4722 46.0977 34.2053 55.7584 57.9828 65.1920 61.7414 73.3485 23.4094 23.4094 23.4094 55.3263 55.3263 55.3263 72.0625 72.0625 72.0625 42.5441 42.5441 42.5441 59.6825 59.6825 59.6825 26.0768 26.0768 26.0768 43.4166 43.4166 43.4166 22.5610 22.5610 22.5610 28.6531 28.6531 28.6531 0.0000 0.0000 0.0000 17.1172 17.1172 17.1172 27.4591 27.4591 27.4591 30.4795 30.4795 30.4795 22.4722 22.4722 22.4722 46.0977 46.0977 46.0977 34.2053 34.2053 34.2053 55.7584 55.7584 55.7584 57.9828 57.9828 57.9828 65.1920 65.1920 65.1920 61.7414 61.7414 61.7414 73.3485 73.3485 73.3485 23.4094
66 39.4588 32.2025 48.0416 35.3836 13.0000 89.5377 96.3172 70.2638 28.3196 60.1332 59.0931 74.0405 51.1077 11.0454 58.1893 65.5515 53.3104 32.6497 69.0797 62.1691 48.0833 43.8292 50.0000 35.8050 37.6431 37.1080 39.4588 72.1110 89.0056 58.6941 75.5844 39.2046 55.1725 32.5576 27.1662 17.1172 0.0000 27.7308 18.9737 31.4006 50.7740 45.4863 65.0692 69.8928 79.2023 76.8440 89.8053 39.4588 39.4588 39.4588 72.1110 72.1110 72.1110 89.0056 89.0056 89.0056 58.6941 58.6941 58.6941 75.5844 75.5844 75.5844 39.2046 39.2046 39.2046 55.1725 55.1725 55.1725 32.5576 32.5576 32.5576 27.1662 27.1662 27.1662 17.1172 17.1172 17.1172 0.0000 0.0000 0.0000 27.7308 27.7308 27.7308 18.9737 18.9737 18.9737 31.4006 31.4006 31.4006 50.7740 50.7740 50.7740 45.4863 45.4863 45.4863 65.0692 65.0692 65.0692 69.8928 69.8928 69.8928 79.2023 79.2023 79.2023 76.8440 76.8440 76.8440 89.8053 89.8053 89.8053 39.4588
70 33.0151 51.4782 45.0000 12.0416 37.6563 72.2496 82.0975 74.9667 44.9110 52.3927 64.5368 59.1354 32.0156 19.1050 43.4166 69.2965 37.2156 13.6015 72.8354 44.0454 21.0950 24.0000 37.6431 54.7449 55.3173 28.8444 33.0151 63.5689 80.6536 63.7809 80.6226 52.5547 70.0071 50.0100 52.7731 27.4591 27.7308 0.0000 19.3132 14.3178 23.4307 26.0000 40.3113 48.0833 60.5310 61.0082 78.0897 33.0151 33.0151 33.0151 63.5689 63.5689 63.5689 80.6536 80.6536 80.6536 63.7809 63.7809 63.7809 80.6226 80.6226 80.6226 52.5547 52.5547 52.5547 70.0071 70.0071 70.0071 50.0100 50.0100 50.0100 52.7731 52.7731 52.7731 27.4591 27.4591 27.4591 27.7308 27.7308 27.7308 0.0000 0.0000 0.0000 19.3132 19.3132 19.3132 14.3178 14.3178 14.3178 23.4307 23.4307 23.4307 26.0000 26.0000 26.0000 40.3113 40.3113 40.3113 48.0833 48.0833 48.0833 60.5310 60.5310 60.5310 61.0082 61.0082 61.0082 78.0897 78.0897 78.0897 33.0151
74 46.5725 50.6063 57.5847 31.0483 31.9531 90.9340 100.0450 84.3149 45.8039 67.4685 73.2393 77.0584 50.6360 8.6023 61.0082 79.0759 55.0818 31.1448 82.6801 62.6498 34.4093 42.5793 54.1479 54.2033 55.7584 42.9535 46.5725 79.2465 96.5091 72.6705 89.8721 55.9732 72.8011 50.4777 45.8912 30.4795 18.9737 19.3132 0.0000 31.0161 41.4005 44.5533 59.4811 67.3573 79.4292 79.2275 95.1893 46.5725 46.5725 46.5725 79.2465 79.2465 79.2465 96.5091 96.5091 96.5091 72.6705 72.6705 72.6705 89.8721 89.8721 89.8721 55.9732 55.9732 55.9732 72.8011 72.8011 72.8011 50.4777 50.4777 50.4777 45.8912 45.8912 45.8912 30.4795 30.4795 30.4795 18.9737 18.9737 18.9737 19.3132 19.3132 19.3132 0.0000 0.0000 0.0000 31.0161 31.0161 31.0161 41.4005 41.4005 41.4005 44.5533 44.5533 44.5533 59.4811 59.4811 59.4811 67.3573 67.3573 67.3573 79.4292 79.4292 79.4292 79.2275 79.2275 79.2275 95.1893 95.1893 95.1893 46.5725
